#                      Published-Value
#      Spectral-axis           Intensity
#             [km/s]                [Jy]
            -584.103             -0.0935
            -582.871             -0.0934
            -581.639             -0.0934
            -580.408             -0.0933
            -579.176             -0.0932
            -577.945             -0.0932
            -576.713             -0.0931
            -575.482              -0.093
             -574.25              -0.093
            -573.019             -0.0929
            -571.787             -0.0929
            -570.556             -0.0928
            -569.324             -0.0927
            -568.093             -0.0927
            -566.861             -0.0926
             -565.63             -0.0925
            -564.401             -0.0673
             -563.17             -0.0673
            -561.935             -0.0924
            -560.704             -0.0923
            -559.472             -0.0922
            -558.241             -0.0922
            -557.009             -0.0921
            -555.778             -0.0921
            -554.546              -0.092
            -553.315             -0.0919
            -552.083             -0.0919
            -550.852             -0.0918
             -549.62             -0.0917
            -548.389             -0.0917
            -547.157             -0.0916
            -545.926             -0.0916
            -544.697             -0.0663
            -543.462             -0.0914
            -542.231             -0.0914
            -540.999             -0.0913
            -539.771             -0.0661
            -538.539              -0.066
            -537.308              -0.066
            -536.076             -0.0659
            -534.845             -0.0658
             -533.61             -0.0909
            -532.379             -0.0909
            -531.147             -0.0908
            -529.916             -0.0907
            -528.684             -0.0907
            -527.453             -0.0906
            -526.221             -0.0906
             -524.99             -0.0905
            -523.758             -0.0904
            -522.527             -0.0904
            -521.295             -0.0903
            -520.064             -0.0903
            -518.832             -0.0902
            -517.604              -0.065
            -516.369             -0.0901
            -515.138               -0.09
            -513.906             -0.0899
            -512.675             -0.0899
            -511.443             -0.0898
            -510.212             -0.0898
             -508.98             -0.0897
            -507.749             -0.0896
            -506.517             -0.0896
            -505.285             -0.0895
            -504.054             -0.0894
            -502.822             -0.0894
            -501.591             -0.0893
            -500.359             -0.0893
            -499.128             -0.0892
            -497.896             -0.0891
            -496.665             -0.0891
            -495.433              -0.089
            -494.202              -0.089
             -492.97             -0.0889
            -491.739             -0.0888
            -490.507             -0.0888
            -489.276             -0.0887
            -488.044             -0.0886
            -486.813             -0.0886
            -485.581             -0.0885
             -484.35             -0.0885
            -483.118             -0.0884
            -481.887             -0.0883
            -480.655             -0.0883
            -479.424             -0.0882
            -478.189             -0.1133
            -476.958             -0.1132
            -475.726             -0.1132
            -474.495             -0.1131
            -473.263             -0.1131
            -472.032              -0.113
              -470.8             -0.1129
            -469.572             -0.0877
             -468.34             -0.0877
            -467.108             -0.0876
            -465.877             -0.0875
            -464.645             -0.0875
            -463.414             -0.0874
            -462.182             -0.0873
            -460.951             -0.0873
            -459.719             -0.0872
            -458.488             -0.0872
            -457.256             -0.0871
            -456.025              -0.087
            -454.793              -0.087
            -453.562             -0.0869
             -452.33             -0.0868
            -451.099             -0.0868
            -449.867             -0.0867
            -448.636             -0.0867
            -447.404             -0.0866
            -446.173             -0.0865
            -444.941             -0.0865
             -443.71             -0.0864
            -442.478             -0.0864
            -441.247             -0.0863
            -440.015             -0.0862
            -438.784             -0.0862
            -437.552             -0.0861
            -436.321              -0.086
            -435.089              -0.086
            -433.858             -0.0859
            -432.626             -0.0859
            -431.394             -0.0858
            -430.163             -0.0857
            -428.931             -0.0857
              -427.7             -0.0856
            -426.468             -0.0855
            -425.237             -0.0855
            -424.005             -0.0854
            -422.774             -0.0854
            -421.542             -0.0853
            -420.311             -0.0852
            -419.079             -0.0852
            -417.848             -0.0851
            -416.619             -0.0599
            -415.391             -0.0347
            -414.159             -0.0346
            -412.931             -0.0094
            -411.702              0.0158
            -410.471              0.0159
            -409.239               0.016
            -408.011              0.0412
            -406.779              0.0412
            -405.551              0.0665
            -404.322              0.0917
            -403.094              0.1169
            -401.865              0.1421
            -400.637              0.1673
            -399.408              0.1925
            -398.183              0.2429
            -396.955              0.2681
            -395.732              0.3437
            -394.507              0.3941
            -393.284              0.4696
            -392.059                0.52
             -390.83              0.5452
            -389.611              0.6459
            -388.382              0.6711
            -387.163              0.7718
            -385.938              0.8222
            -384.721               0.948
            -383.496              0.9984
            -382.279              1.1242
            -381.054              1.1746
            -379.841              1.3256
            -378.627              1.4766
            -377.417              1.6528
            -376.201              1.7786
            -374.981              1.8793
            -373.765              2.0052
             -372.54              2.0555
            -371.326              2.2066
            -370.104              2.2821
            -368.884              2.3828
            -367.659              2.4331
            -366.443               2.559
            -365.214              2.5842
            -363.995              2.6849
            -362.772              2.7604
             -361.55               2.836
            -360.324              2.8864
            -359.099              2.9367
             -357.88              3.0374
            -356.654              3.0878
            -355.432              3.1633
            -354.209              3.2388
             -352.99              3.3396
            -351.768              3.4151
            -350.554              3.5661
            -349.329              3.6165
            -348.106               3.692
            -346.881              3.7424
            -345.659              3.8179
             -344.43              3.8431
            -343.202              3.8683
             -341.97              3.8684
            -340.739              3.8685
            -339.507              3.8685
            -338.272              3.8434
            -337.035              3.7932
            -335.797              3.7429
             -334.56              3.6927
            -333.322              3.6424
            -332.078              3.5418
            -330.826              3.3658
            -329.582              3.2652
            -328.323              3.0389
             -327.08              2.9383
            -325.821               2.712
             -324.58              2.6366
            -323.324              2.4354
            -322.078              2.3096
            -320.801              1.9324
             -319.56              1.8569
            -318.283              1.4796
            -317.039              1.3791
            -315.787               1.203
            -314.537              1.0522
             -313.29              0.9264
            -312.041              0.7756
            -310.803              0.7253
            -309.559              0.6247
            -308.319              0.5493
            -307.078              0.4739
            -305.844              0.4488
            -304.603              0.3734
            -303.368              0.3483
            -302.131              0.2981
            -300.896               0.273
            -299.662              0.2479
            -298.427              0.2228
             -297.19              0.1725
            -295.955              0.1474
            -294.723              0.1475
            -293.486              0.0972
            -292.254              0.0973
             -291.02              0.0722
            -289.788              0.0723
            -288.554              0.0472
            -287.322              0.0472
            -286.088              0.0221
            -284.856              0.0222
            -283.622             -0.0029
             -282.39             -0.0028
            -281.159             -0.0028
            -279.927             -0.0027
            -278.696             -0.0026
            -277.461             -0.0277
             -276.23             -0.0277
            -274.998             -0.0276
            -273.763             -0.0527
            -272.532             -0.0526
              -271.3             -0.0526
            -270.069             -0.0525
            -268.837             -0.0525
            -267.603             -0.0776
            -266.371             -0.0775
             -265.14             -0.0774
            -263.908             -0.0774
            -262.677             -0.0773
            -261.445             -0.0772
            -260.214             -0.0772
            -258.982             -0.0771
            -257.751             -0.0771
            -256.519              -0.077
            -255.288             -0.0769
            -254.056             -0.0769
            -252.825             -0.0768
            -251.593             -0.0767
            -250.362             -0.0767
             -249.13             -0.0766
            -247.899             -0.0766
            -246.667             -0.0765
            -245.436             -0.0764
            -244.204             -0.0764
            -242.969             -0.1015
            -241.738             -0.1014
            -240.506             -0.1013
            -239.275             -0.1013
            -238.043             -0.1012
            -236.812             -0.1012
             -235.58             -0.1011
            -234.349              -0.101
            -233.117              -0.101
            -231.886             -0.1009
            -230.654             -0.1008
            -229.426             -0.0756
            -228.194             -0.0756
            -226.963             -0.0755
            -225.731             -0.0754
              -224.5             -0.0754
            -223.268             -0.0753
            -222.037             -0.0753
            -220.805             -0.0752
            -219.574             -0.0751
            -218.339             -0.1002
            -217.108             -0.1002
            -215.876             -0.1001
            -214.645                -0.1
            -213.413                -0.1
            -212.182             -0.0999
             -210.95             -0.0999
            -209.719             -0.0998
             -208.49             -0.0746
            -207.259             -0.0745
            -206.027             -0.0745
            -204.796             -0.0744
            -203.564             -0.0743
            -202.332             -0.0743
            -201.101             -0.0742
            -199.869             -0.0741
            -198.638             -0.0741
            -197.403             -0.0992
            -196.172             -0.0991
             -194.94             -0.0991
            -193.709              -0.099
            -192.477             -0.0989
            -191.246             -0.0989
            -190.014             -0.0988
            -188.783             -0.0987
            -187.548             -0.1238
            -186.317             -0.1238
            -185.085             -0.1237
            -183.854             -0.1237
            -182.622             -0.1236
            -181.391             -0.1235
            -180.159             -0.1235
            -178.928             -0.1234
            -177.696             -0.1233
            -176.465             -0.1233
            -175.233             -0.1232
            -174.002             -0.1232
            -172.767             -0.1483
            -171.535             -0.1482
            -170.307              -0.123
            -169.072             -0.1481
            -167.841              -0.148
            -166.609             -0.1479
            -165.378             -0.1479
            -164.146             -0.1478
            -162.918             -0.1226
            -161.686             -0.1225
            -160.455             -0.1225
            -159.223             -0.1224
            -157.992             -0.1224
            -156.763             -0.0971
            -155.532             -0.0971
              -154.3              -0.097
            -153.069             -0.0969
            -151.837             -0.0969
            -150.609             -0.0717
             -149.38             -0.0464
            -148.149             -0.0464
             -146.92             -0.0212
            -145.689             -0.0211
            -144.466              0.0544
            -143.235              0.0545
            -142.009              0.1049
            -140.781              0.1301
            -139.552              0.1553
             -138.33              0.2308
            -137.102              0.2561
            -135.879              0.3316
            -134.654               0.382
            -133.434              0.4827
            -132.212              0.5582
            -130.993              0.6589
             -129.77              0.7344
            -128.542              0.7596
            -127.307              0.7345
            -126.063               0.634
            -124.817              0.5082
            -123.543              0.1561
            -122.293              0.0052
            -121.049             -0.0953
            -119.797             -0.2714
             -118.55             -0.3971
            -117.297             -0.5731
            -116.063             -0.5982
            -114.822             -0.6736