#                      Published-Value
#      Spectral-axis           Intensity         Uncertainty
#             [km/s]               [Jy]                [Jy] 
              3293.5           0.000362
              3288.3          -0.002911
                3283          -0.006729
              3277.7          -0.006199
              3272.5          -0.002793
              3267.2          -0.003785
              3261.9          -0.003833
              3256.7          -0.001067
              3251.4           0.000666
              3246.1           0.001799
              3240.9           0.002813
              3235.6           0.000339
              3230.3          -0.003557
              3225.1          -0.002830
              3219.8          -0.004686
              3214.6          -0.006552
              3209.3          -0.005982
                3204          -0.003815
              3198.8           0.000903
              3193.5           0.001221
              3188.2          -0.002038
                3183          -0.002312
              3177.7          -0.002224
              3172.4          -0.002913
              3167.2          -0.000731
              3161.9           0.000752
              3156.7           0.001291
              3151.4           0.002559
              3146.1          -0.000679
              3140.9          -0.002890
              3135.6          -0.000966
              3130.4           0.001522
              3125.1           0.003614
              3119.8           0.001195
              3114.6          -0.002700
              3109.3          -0.003343
                3104           0.000575
              3098.8           0.003628
              3093.5           0.005632
              3088.3           0.004616
                3083          -0.000438
              3077.8          -0.001439
              3072.5           0.000413
              3067.2          -0.001209
                3062          -0.004470
              3056.7          -0.006544
              3051.5          -0.004945
              3046.2          -0.002684
              3040.9          -0.001730
              3035.7          -0.000526
              3030.4           0.001684
              3025.2          -0.000260
              3019.9          -0.002393
              3014.7          -0.000996
              3009.4           0.000570
              3004.1          -0.000820
              2998.9          -0.002887
              2993.6          -0.003810
              2988.4          -0.002986
              2983.1           0.000192
              2977.9           0.003943
              2972.6           0.002937
              2967.3           0.000928
              2962.1          -0.000890
              2956.8          -0.000951
              2951.6           0.001110
              2946.3           0.000890
              2941.1          -0.002579
              2935.8          -0.001565
              2930.6           0.002746
              2925.3           0.003641
              2920.1           0.001523
              2914.8          -0.002315
              2909.5          -0.004089
              2904.3          -0.000857
                2899           0.003591
              2893.8           0.004619
              2888.5           0.004715
              2883.3           0.000949
                2878          -0.004317
              2872.8          -0.004916
              2867.5          -0.002280
              2862.3          -0.000454
                2857           0.002035
              2851.8           0.003015
              2846.5           0.000055
              2841.3          -0.001230
                2836          -0.001130
              2830.8          -0.001234
              2825.5           0.001035
              2820.3          -0.000562
                2815          -0.003345
              2809.8           0.000138
              2804.5           0.002228
              2799.3          -0.001561
                2794          -0.004725
              2788.8          -0.003173
              2783.5          -0.001607
              2778.3          -0.001342
                2773          -0.003066
              2767.8          -0.004967
              2762.5          -0.004550
              2757.3          -0.001811
                2752           0.001319
              2746.8           0.004710
              2741.5           0.004102
              2736.3           0.005238
                2731           0.005413
              2725.8           0.002212
              2720.5           0.002056
              2715.3           0.004205
              2710.1           0.002206
              2704.8           0.000085
              2699.6           0.002527
              2694.3           0.005562
              2689.1           0.005377
              2683.8           0.002325
              2678.6           0.001517
              2673.3           0.001645
              2668.1          -0.000283
              2662.8          -0.001223
              2657.6          -0.004088
              2652.4          -0.006035
              2647.1          -0.004168
              2641.9          -0.001726
              2636.6           0.001627
              2631.4           0.007185
              2626.1           0.006074
              2620.9           0.001348
              2615.6           0.001808
              2610.4           0.004540
              2605.2           0.001203
              2599.9          -0.002450
              2594.7           0.001466
              2589.4           0.004013
              2584.2          -0.000277
              2578.9          -0.001538
              2573.7          -0.000093
              2568.5           0.001173
              2563.2           0.002580
                2558           0.005050
              2552.7           0.000640
              2547.5          -0.003363
              2542.3          -0.000685
                2537           0.001445
              2531.8           0.000110
              2526.5           0.001274
              2521.3           0.003067
              2516.1           0.002972
              2510.8           0.001309
              2505.6          -0.003276
              2500.3          -0.005501
              2495.1          -0.002350
              2489.9          -0.003568
              2484.6          -0.001682
              2479.4           0.002486
              2474.1           0.000799
              2468.9          -0.002696
              2463.7          -0.003508
              2458.4          -0.000704
              2453.2          -0.001143
                2448          -0.000872
              2442.7           0.000552
              2437.5          -0.002960
              2432.2          -0.002371
                2427           0.002864
              2421.8           0.002027
              2416.5          -0.002698
              2411.3          -0.005305
              2406.1          -0.006311
              2400.8          -0.004430
              2395.6           0.000982
              2390.4           0.003655
              2385.1           0.003937
              2379.9           0.000910
              2374.7          -0.006433
              2369.4          -0.011873
              2364.2          -0.010461
              2358.9          -0.004177
              2353.7           0.002054
              2348.5           0.002783
              2343.2          -0.000081
                2338          -0.002997
              2332.8          -0.004675
              2327.5          -0.002225
              2322.3          -0.001424
              2317.1          -0.003927
              2311.8          -0.003305
              2306.6          -0.001433
              2301.4          -0.000550
              2296.2           0.001245
              2290.9           0.001721
              2285.7           0.000000
              2280.5          -0.000362
              2275.2          -0.000191
                2270           0.003528
              2264.8           0.007546
              2259.5           0.006771
              2254.3           0.002907
              2249.1           0.004312
              2243.8           0.007045
              2238.6           0.002706
              2233.4          -0.001974
              2228.1           0.001458
              2222.9           0.008325
              2217.7           0.008252
              2212.5           0.002250
              2207.2          -0.003133
                2202           0.002794
              2196.8           0.004732
              2191.5           0.002941
              2186.3           0.004783
              2181.1           0.001324
              2175.9          -0.005292
              2170.6          -0.000736
              2165.4           0.005992
              2160.2           0.007456
                2155           0.007226
              2149.7          -0.000015
              2144.5          -0.005568
              2139.3          -0.001859
                2134           0.002043
              2128.8           0.001880
              2123.6           0.005095
              2118.4           0.003101
              2113.1          -0.002188
              2107.9          -0.002746
              2102.7           0.002145
              2097.5           0.000994
              2092.2          -0.000477
                2087          -0.002308
              2081.8          -0.004407
              2076.6          -0.000692
              2071.3          -0.000766
              2066.1          -0.005960
              2060.9          -0.006727
              2055.7          -0.002608
              2050.4           0.000878
              2045.2           0.001876
                2040          -0.001929
              2034.8          -0.003534
              2029.5          -0.000556
              2024.3           0.000058
              2019.1          -0.002070
              2013.9          -0.003085
              2008.7          -0.003237
              2003.4           0.000117
              1998.2           0.002701
                1993          -0.002953
              1987.8          -0.004322
              1982.6           0.004255
              1977.3           0.004342
              1972.1          -0.000267
              1966.9          -0.000635
              1961.7          -0.000658
              1956.4          -0.001142
              1951.2          -0.002444
                1946          -0.002573
              1940.8           0.000075
              1935.6           0.001214
              1930.3           0.001737
              1925.1           0.005723
              1919.9           0.006513
              1914.7           0.001836
              1909.5           0.000522
              1904.3           0.000258
                1899           0.001878
              1893.8           0.005099
              1888.6           0.006003
              1883.4           0.002424
              1878.2          -0.000511
              1872.9           0.000594
              1867.7           0.000153
              1862.5           0.000603
              1857.3           0.005117
              1852.1           0.005472
              1846.9           0.005096
              1841.6           0.004593
              1836.4          -0.000776
              1831.2          -0.008455
                1826          -0.007189
              1820.8          -0.000596
              1815.6           0.003331
              1810.3           0.005466
              1805.1           0.002773
              1799.9          -0.001543
              1794.7          -0.002562
              1789.5          -0.000447
              1784.3          -0.000877
              1779.1          -0.001894
              1773.8          -0.000895
              1768.6          -0.001605
              1763.4          -0.003135
              1758.2          -0.004911
                1753          -0.006682
              1747.8          -0.006951
              1742.6          -0.003893
              1737.4          -0.000732
              1732.1           0.001589
              1726.9           0.002559
              1721.7           0.001168
              1716.5          -0.000675
              1711.3          -0.002968
              1706.1          -0.004746
              1700.9          -0.004267
              1695.7          -0.002164
              1690.4          -0.000629
              1685.2          -0.002929
                1680          -0.002786
              1674.8          -0.001490
              1669.6          -0.002470
              1664.4          -0.002516
              1659.2           0.000379
                1654           0.003885
              1648.8           0.002404
              1643.6          -0.000812
              1638.3          -0.002876
              1633.1          -0.003254
              1627.9          -0.000516
              1622.7           0.003382
              1617.5           0.005784
              1612.3           0.007118
              1607.1           0.008976
              1601.9           0.006426
              1596.7           0.000358
              1591.5          -0.002599
              1586.3          -0.003827
              1581.1          -0.004859
              1575.8          -0.002964
              1570.6           0.003046
              1565.4           0.005788
              1560.2           0.001181
                1555          -0.000893
              1549.8          -0.000961
              1544.6          -0.001897
              1539.4           0.000029
              1534.2          -0.001152
                1529          -0.003410
              1523.8          -0.000590
              1518.6           0.001067
              1513.4           0.000140
              1508.2          -0.001786
                1503          -0.001768
              1497.8          -0.002541
              1492.6          -0.004685
              1487.3          -0.004295
              1482.1          -0.001590
              1476.9          -0.002265
              1471.7          -0.002158
              1466.5          -0.001579
              1461.3           0.000616
              1456.1           0.000020
              1450.9          -0.001927
              1445.7          -0.001534
              1440.5          -0.001789
              1435.3          -0.003168
              1430.1          -0.001678
              1424.9           0.001519
              1419.7          -0.000209
              1414.5          -0.002668
              1409.3           0.001244
              1404.1           0.004183
              1398.9           0.001149
              1393.7          -0.002053
              1388.5          -0.001726
              1383.3          -0.000854
              1378.1           0.000995
              1372.9          -0.000489
              1367.7           0.000448
              1362.5           0.000968
              1357.3          -0.000678
              1352.1           0.000512
              1346.9           0.003269
              1341.7           0.003259
              1336.5           0.002338
              1331.3           0.002138
              1326.1           0.001797
              1320.9           0.002438
              1315.7           0.003526
              1310.5           0.003177
              1305.3           0.003151
              1300.1           0.002646
              1294.9           0.002243
              1289.7          -0.001466
              1284.5          -0.003742
              1279.3          -0.001498
              1274.1          -0.003955
              1268.9          -0.005414
              1263.7           0.000034
              1258.5           0.001776
              1253.3           0.000171
              1248.1          -0.000656
                1243          -0.001257
              1237.8          -0.000115
              1232.6           0.001048
              1227.4           0.000081
              1222.2          -0.000026
                1217           0.000078
              1211.8          -0.000138
              1206.6           0.002843
              1201.4           0.002874
              1196.2          -0.000497
                1191          -0.002936
              1185.8          -0.002072
              1180.6          -0.001151
              1175.4          -0.002417
              1170.2          -0.001347
                1165           0.000579
              1159.8          -0.002019
              1154.7          -0.004388
              1149.5          -0.003639
              1144.3          -0.003123
              1139.1          -0.001429
              1133.9          -0.000430
              1128.7          -0.001567
              1123.5          -0.003059
              1118.3          -0.002198
              1113.1          -0.002764
              1107.9          -0.004325
              1102.7          -0.005053
              1097.5          -0.005690
              1092.4          -0.000288
              1087.2           0.005602
                1082           0.004191
              1076.8          -0.001684
              1071.6          -0.004195
              1066.4          -0.001185
              1061.2           0.001177
                1056           0.001959
              1050.8           0.000505
              1045.6          -0.000714
              1040.5          -0.001523
              1035.3          -0.003361
              1030.1          -0.005219
              1024.9          -0.004874
              1019.7          -0.003980
              1014.5          -0.001604
              1009.3           0.005259
              1004.1           0.007818
                 999           0.001525
               993.8          -0.001917
               988.6          -0.002199
               983.4          -0.000764
               978.2           0.001855
                 973           0.003739
               967.8           0.004271
               962.6           0.001761
               957.5          -0.000542
               952.3          -0.000206
               947.1           0.000482
               941.9           0.000293
               936.7          -0.001913
               931.5          -0.002511
               926.3          -0.000184
               921.2           0.002617
                 916          -0.001099
               910.8          -0.002702
               905.6           0.001120
               900.4           0.004807
               895.2           0.006245
               890.1           0.004223
               884.9           0.000882
               879.7          -0.000139
               874.5           0.001563
               869.3           0.000499
               864.1          -0.003750
                 859          -0.004529
               853.8          -0.003256
               848.6          -0.003705
               843.4          -0.004301
               838.2          -0.001937
               833.1           0.000467
               827.9           0.001995
               822.7           0.004111
               817.5           0.003880
               812.3          -0.000484
               807.1          -0.002587
                 802           0.000728
               796.8           0.001335
               791.6          -0.001436
               786.4          -0.001271
               781.2          -0.001492
               776.1          -0.001785
               770.9           0.002377
               765.7           0.006213
               760.5           0.005778
               755.4           0.004464
               750.2           0.002416
                 745           0.004226
               739.8           0.005366
               734.6           0.000212
               729.5          -0.003649
               724.3           0.000831
               719.1           0.006105
               713.9           0.006329
               708.7           0.006363
               703.6           0.005923
               698.4           0.004654
               693.2           0.005630
                 688           0.008671
               682.9           0.008161
               677.7           0.002496
               672.5          -0.000528
               667.3          -0.000064
               662.2           0.002873
                 657           0.001157
               651.8           0.001368
               646.6           0.002671
               641.5           0.000972
               636.3           0.002221
               631.1           0.004804
               625.9           0.004514
               620.8           0.002413
               615.6          -0.000997
               610.4          -0.001498
               605.2           0.000874
               600.1           0.001271
               594.9          -0.001710
               589.7          -0.002224
               584.5          -0.001765
               579.4          -0.002072
               574.2           0.000056
                 569           0.003198
               563.9           0.001643
               558.7          -0.000319
               553.5          -0.001684
               548.3           0.000685
               543.2           0.004408
                 538           0.004019
               532.8           0.001524
               527.7           0.000378
               522.5          -0.001275
               517.3          -0.002950
               512.1          -0.001859
                 507          -0.002895
               501.8          -0.004577
               496.6          -0.002200
               491.5          -0.001470
               486.3           0.000632
               481.1           0.003509
                 476           0.002334
               470.8          -0.002038
               465.6          -0.003907
               460.4          -0.003692
               455.3          -0.001795
               450.1          -0.001602
               444.9          -0.000592
               439.8           0.003116
               434.6           0.005120
               429.4           0.004345
               424.3           0.004250
               419.1           0.001130
               413.9          -0.000361
               408.8           0.001382
               403.6           0.001661
               398.4          -0.002542
               393.3          -0.005221
               388.1          -0.001223
               382.9           0.001974
               377.8          -0.001164
               372.6          -0.003531
               367.4          -0.004483
               362.3          -0.004725
               357.1          -0.001786
               351.9           0.000206
               346.8          -0.002433
               341.6          -0.003584
               336.4          -0.003049
               331.3          -0.002428
               326.1           0.001527
                 321           0.002459
               315.8          -0.004407
               310.6          -0.003859
               305.5           0.004297
               300.3           0.004995
               295.1           0.001833
                 290           0.004643
               284.8           0.005039
               279.6           0.001989
               274.5           0.004630
               269.3           0.004309
               264.2          -0.000072
                 259          -0.000069
               253.8           0.001673
               248.7           0.003934
               243.5           0.005764
               238.4           0.005076
               233.2           0.006096
                 228           0.007790
               222.9           0.007549
               217.7           0.005885
               212.6           0.004533
               207.4           0.003490
               202.2          -0.002166
               197.1          -0.002381
               191.9           0.002243
               186.8           0.000342
               181.6          -0.000354
               176.4           0.003286
               171.3           0.004291
               166.1           0.000674
                 161           0.000004
               155.8           0.002825
               150.6           0.004307
               145.5           0.000235
               140.3          -0.004352
               135.2          -0.002655
                 130          -0.003180
               124.9          -0.002871
               119.7          -0.000365
               114.5          -0.000310
               109.4           0.002164
               104.2           0.006552
                99.1           0.008627
                93.9           0.009650
                88.8           0.014270
                83.6           0.023279
                78.4           0.037134
                73.3           0.050138
                68.1           0.058733
                  63           0.063735
                57.8           0.066169
                52.7           0.069530
                47.5           0.071983
                42.4           0.069812
                37.2           0.067739
                32.1           0.062440
                26.9           0.072600
                21.7           0.146553
                16.6           0.407713
                11.4           1.108490
                 6.3           2.790551
                 1.1           4.296594
                  -4           3.535322
                -9.2           1.735163
               -14.3           0.776214
               -19.5           0.438469
               -24.6           0.312256
               -29.8           0.286836
               -34.9           0.287493
               -40.1           0.281548
               -45.2           0.247024
               -50.4           0.187286
               -55.5           0.126054
               -60.7           0.080697
               -65.8           0.049125
                 -71           0.033824
               -76.1           0.028516
               -81.3           0.024286
               -86.4           0.016236
               -91.6           0.008966
               -96.7           0.009328
              -101.9           0.012563
                -107           0.007976
              -112.2           0.000101
              -117.3          -0.002702
              -122.5           0.000158
              -127.6           0.000784
              -132.8          -0.000733
              -137.9          -0.000211
              -143.1          -0.000010
              -148.2          -0.002093
              -153.4           0.000046
              -158.5           0.004837
              -163.7           0.005744
              -168.8           0.003290
                -174           0.000938
              -179.1           0.000977
              -184.3           0.003513
              -189.4           0.002333
              -194.5          -0.003414
              -199.7          -0.004168
              -204.8           0.000732
                -210           0.003029
              -215.1           0.005524
              -220.3           0.006674
              -225.4           0.005851
              -230.6           0.002771
              -235.7          -0.001676
              -240.9          -0.000644
                -246          -0.000039
              -251.1          -0.003283
              -256.3          -0.003344
              -261.4          -0.001876
              -266.6          -0.002343
              -271.7          -0.004360
              -276.9          -0.001392
                -282           0.003770
              -287.2           0.004960
              -292.3           0.003786
              -297.4           0.004314
              -302.6           0.004157
              -307.7           0.003813
              -312.9           0.001194
                -318          -0.000456
              -323.1          -0.003003
              -328.3          -0.003044
              -333.4           0.002980
              -338.6           0.006666
              -343.7           0.003591
              -348.9           0.001447
                -354           0.002460
              -359.1           0.003767
              -364.3           0.001908
              -369.4          -0.002804
              -374.6          -0.007438
              -379.7          -0.004133
              -384.8          -0.000053
                -390           0.002578
              -395.1           0.005269
              -400.3           0.003388
              -405.4          -0.000654
              -410.5          -0.003475
              -415.7          -0.002576
              -420.8           0.001667
              -425.9           0.002222
              -431.1           0.000347
              -436.2          -0.002105
              -441.4          -0.003594
              -446.5          -0.002674
              -451.6          -0.000518
              -456.8          -0.001999
              -461.9          -0.003867
                -467          -0.000422
              -472.2           0.002796
              -477.3           0.002402
              -482.5           0.000372
              -487.6          -0.001679
              -492.7          -0.000355
              -497.9           0.001209
                -503           0.001895
              -508.1           0.000701
              -513.3          -0.002075
              -518.4          -0.003410
              -523.5          -0.003068
              -528.7          -0.000187
              -533.8           0.006777
              -538.9           0.007389
              -544.1           0.004409
              -549.2           0.002951
              -554.3           0.000342
              -559.5          -0.001736
              -564.6           0.001066
              -569.7           0.002043
              -574.9           0.000370
                -580          -0.002758
              -585.1          -0.005163
              -590.3          -0.006763
              -595.4          -0.004391
              -600.5          -0.000101
              -605.7          -0.000910
              -610.8          -0.001316
              -615.9           0.001860
              -621.1           0.001712
              -626.2          -0.000005
              -631.3          -0.002148
              -636.5          -0.001705
              -641.6          -0.001663
              -646.7          -0.002567
              -651.9          -0.002762
                -657          -0.001615
              -662.1           0.002118
              -667.2           0.004168
              -672.4           0.003283
              -677.5           0.002564
              -682.6           0.000897
              -687.8           0.000276
              -692.9           0.004382
                -698           0.008325
              -703.2           0.004287
              -708.3          -0.002336
              -713.4          -0.001418
              -718.5           0.004981
              -723.7           0.003842
              -728.8          -0.000350
              -733.9           0.000018
              -739.1          -0.001874
              -744.2          -0.003861
              -749.3          -0.001014
              -754.4           0.000571
              -759.6           0.000773
              -764.7          -0.000674
              -769.8          -0.000415
              -774.9           0.002398
              -780.1           0.003290
              -785.2           0.000708
              -790.3          -0.006001
              -795.4          -0.008983
              -800.6          -0.004042
              -805.7          -0.001067
              -810.8           0.000925
              -815.9           0.000815
              -821.1          -0.001745
              -826.2          -0.003643
              -831.3          -0.003303
              -836.4          -0.002103
              -841.6          -0.001704
              -846.7          -0.000161
              -851.8           0.001325
              -856.9          -0.002609
              -862.1          -0.004366
              -867.2          -0.003380
              -872.3          -0.000623
              -877.4           0.000494
              -882.6           0.000228
              -887.7          -0.000109
              -892.8          -0.000029
              -897.9           0.001613
                -903           0.002886
              -908.2           0.000770
              -913.3          -0.000813
              -918.4          -0.000380
              -923.5           0.001233
              -928.6           0.002954
              -933.8           0.001588
              -938.9          -0.000089
                -944          -0.000766
              -949.1          -0.003571
              -954.3          -0.007576
              -959.4          -0.007500
              -964.5          -0.004268
              -969.6           0.000361
              -974.7           0.001800
              -979.8           0.000405
                -985           0.000916
              -990.1          -0.000393
              -995.2          -0.004404
             -1000.3          -0.009474
             -1005.4          -0.008691
             -1010.6          -0.003568
             -1015.7          -0.001433
             -1020.8          -0.000743
             -1025.9           0.001387
               -1031           0.003281
             -1036.1           0.003712
             -1041.3           0.004412
             -1046.4           0.005467
             -1051.5          -0.001031
             -1056.6          -0.003104
             -1061.7           0.001083
             -1066.9           0.004988
               -1072           0.003739
             -1077.1           0.001857
             -1082.2           0.000824
             -1087.3          -0.000672
             -1092.4           0.002053
             -1097.5           0.005367
             -1102.7           0.004874
             -1107.8           0.005821
             -1112.9           0.007364
               -1118           0.005510
             -1123.1           0.002906
             -1128.2           0.001932
             -1133.3          -0.001398
             -1138.5          -0.000943
             -1143.6           0.001284
             -1148.7           0.000178
             -1153.8          -0.002727
             -1158.9          -0.003944
               -1164          -0.001259
             -1169.1           0.002539
             -1174.3           0.001614
             -1179.4           0.001987
             -1184.5           0.002269
             -1189.6           0.001260
             -1194.7           0.001828
             -1199.8           0.003050
             -1204.9          -0.000507
               -1210          -0.001599
             -1215.1           0.000189
             -1220.3          -0.000519
             -1225.4          -0.003992
             -1230.5          -0.001331
             -1235.6           0.002772
             -1240.7           0.003653
             -1245.8           0.000581
             -1250.9          -0.001295
               -1256          -0.004041
             -1261.1          -0.003896
             -1266.3           0.000764
             -1271.4           0.004841
             -1276.5           0.005015
             -1281.6           0.003397
             -1286.7           0.003148
             -1291.8           0.003810
             -1296.9          -0.000284
               -1302          -0.003743
             -1307.1          -0.000135
             -1312.2           0.002394
             -1317.3          -0.000997
             -1322.4          -0.001525
             -1327.6          -0.001157
             -1332.7           0.000851
             -1337.8           0.002451
             -1342.9           0.002039
               -1348           0.002846
             -1353.1           0.003317
             -1358.2          -0.000319
             -1363.3          -0.002529
             -1368.4          -0.001560
             -1373.5          -0.003528
             -1378.6          -0.004595
             -1383.7           0.001026
             -1388.8           0.004117
             -1393.9           0.001482
               -1399          -0.002422
             -1404.1          -0.002235
             -1409.2           0.000646
             -1414.4          -0.000304
             -1419.5          -0.004141
             -1424.6          -0.002346
             -1429.7           0.000881
             -1434.8           0.001071
             -1439.9          -0.000791
               -1445          -0.001412
             -1450.1          -0.001859
             -1455.2           0.003916
             -1460.3           0.009689
             -1465.4           0.004865
             -1470.5          -0.000531
             -1475.6           0.001755
             -1480.7           0.002433
             -1485.8           0.002633
             -1490.9           0.002064
               -1496          -0.001141
             -1501.1          -0.004889
             -1506.2          -0.003973
             -1511.3          -0.004779
             -1516.4          -0.005320
             -1521.5          -0.001858
             -1526.6           0.000353
             -1531.7          -0.002047
             -1536.8          -0.002291
             -1541.9          -0.002321
               -1547          -0.001915
             -1552.1          -0.001215
             -1557.2          -0.000114
             -1562.3          -0.000378
             -1567.4          -0.000075
             -1572.5           0.002009
             -1577.6           0.001252
             -1582.7          -0.001996
             -1587.8          -0.000186
             -1592.9           0.001234
               -1598          -0.000080
             -1603.1          -0.004370
             -1608.2          -0.005697
             -1613.3          -0.005779
             -1618.4          -0.007276
             -1623.5          -0.005370
             -1628.6          -0.000485
             -1633.7           0.004586
             -1638.8           0.005280
             -1643.9           0.002394
               -1649           0.002351
             -1654.1          -0.000099
             -1659.2          -0.000303
             -1664.3           0.003030
             -1669.4           0.003679
             -1674.4          -0.000504
             -1679.5          -0.002843
             -1684.6          -0.001355
             -1689.7          -0.000845
             -1694.8           0.006765
             -1699.9           0.008126
               -1705           0.005085
             -1710.1           0.008366
             -1715.2           0.010090
             -1720.3           0.007701
             -1725.4           0.002242
             -1730.5          -0.001431
             -1735.6          -0.009623
             -1740.7          -0.005738
             -1745.8          -0.002288
             -1750.9          -0.000527
               -1756          -0.000712
               -1761          -0.003693
             -1766.1          -0.001711
             -1771.2          -0.000149
             -1776.3           0.004511
             -1781.4           0.002837
             -1786.5          -0.002550
             -1791.6          -0.001981
             -1796.7           0.005016
             -1801.8           0.001662
             -1806.9          -0.007572
               -1812          -0.005377
             -1817.1          -0.000513
             -1822.1          -0.000658
             -1827.2          -0.004040
             -1832.3          -0.007297
             -1837.4          -0.002969
             -1842.5           0.005921
             -1847.6           0.012403
             -1852.7           0.013772
             -1857.8           0.004988
             -1862.9           0.001581
             -1867.9           0.005033
               -1873           0.008153
             -1878.1           0.010735
             -1883.2           0.006128
             -1888.3           0.000594
             -1893.4          -0.000458
             -1898.5          -0.002348
             -1903.6          -0.003390
             -1908.7          -0.000575
             -1913.7          -0.000099
             -1918.8          -0.003614
             -1923.9          -0.000712
               -1929           0.007810
             -1934.1           0.004984
             -1939.2          -0.006168
             -1944.3          -0.001431
             -1949.3           0.011208
             -1954.4           0.008192
             -1959.5          -0.005853
             -1964.6          -0.009914
             -1969.7          -0.005894
             -1974.8          -0.001566
             -1979.9           0.002893
             -1984.9           0.006339
               -1990           0.006587
             -1995.1           0.005846
             -2000.2           0.005532