#                      Published-Value
#      Spectral-axis           Intensity
#             [km/s]               [Jy] 
              3293.5          -0.009163
              3288.3           0.011913
                3283           0.006895
              3277.7           0.003523
              3272.5           0.015834
              3267.2           0.022384
              3261.9           0.018155
              3256.7           0.014838
              3251.4           0.029138
              3246.1           0.025441
              3240.9           0.010440
              3235.6          -0.013339
              3230.3          -0.007512
              3225.1           0.008533
              3219.8           0.013549
              3214.6           0.013102
              3209.3           0.012082
                3204           0.014153
              3198.8           0.023056
              3193.5           0.018032
              3188.2           0.010796
                3183          -0.002014
              3177.7          -0.005656
              3172.4          -0.007326
              3167.2          -0.009774
              3161.9          -0.020008
              3156.7          -0.024353
              3151.4          -0.031959
              3146.1          -0.015910
              3140.9           0.005020
              3135.6           0.009910
              3130.4          -0.006280
              3125.1          -0.015794
              3119.8          -0.001683
              3114.6           0.021999
              3109.3           0.014454
                3104          -0.017512
              3098.8          -0.036861
              3093.5          -0.025452
              3088.3          -0.007561
                3083          -0.003735
              3077.8          -0.012384
              3072.5          -0.011114
              3067.2          -0.017992
                3062          -0.012999
              3056.7          -0.003063
              3051.5          -0.004519
              3046.2          -0.000039
              3040.9           0.011736
              3035.7           0.006180
              3030.4          -0.017736
              3025.2          -0.028825
              3019.9          -0.003320
              3014.7           0.006610
              3009.4          -0.002804
              3004.1           0.010182
              2998.9           0.025243
              2993.6           0.000433
              2988.4          -0.015690
              2983.1          -0.013034
              2977.9          -0.003658
              2972.6           0.002173
              2967.3           0.014514
              2962.1           0.008420
              2956.8          -0.003273
              2951.6          -0.001863
              2946.3          -0.002274
              2941.1          -0.013540
              2935.8          -0.021050
              2930.6          -0.025402
              2925.3          -0.010433
              2920.1          -0.002805
              2914.8          -0.006254
              2909.5           0.018347
              2904.3           0.053568
                2899           0.041083
              2893.8           0.016658
              2888.5          -0.004283
              2883.3          -0.017854
                2878          -0.018315
              2872.8           0.006045
              2867.5           0.013991
              2862.3          -0.001782
                2857          -0.014307
              2851.8          -0.007363
              2846.5           0.006710
              2841.3           0.021262
                2836           0.014985
              2830.8          -0.004453
              2825.5          -0.022654
              2820.3          -0.024553
                2815          -0.012042
              2809.8          -0.004554
              2804.5           0.000048
              2799.3           0.011380
                2794          -0.000431
              2788.8          -0.002852
              2783.5           0.011484
              2778.3           0.011988
                2773           0.006266
              2767.8           0.015097
              2762.5           0.011143
              2757.3           0.001063
                2752          -0.008284
              2746.8          -0.019274
              2741.5          -0.019654
              2736.3           0.007685
                2731           0.018186
              2725.8           0.021158
              2720.5           0.022078
              2715.3           0.019693
              2710.1           0.020856
              2704.8           0.013234
              2699.6          -0.011266
              2694.3          -0.028268
              2689.1          -0.035635
              2683.8          -0.018415
              2678.6          -0.008081
              2673.3           0.002196
              2668.1           0.002784
              2662.8          -0.003252
              2657.6           0.000630
              2652.4           0.006108
              2647.1           0.003181
              2641.9           0.015466
              2636.6           0.011375
              2631.4           0.014585
              2626.1           0.022954
              2620.9           0.021941
              2615.6           0.005422
              2610.4           0.013609
              2605.2           0.029674
              2599.9           0.020582
              2594.7           0.005030
              2589.4           0.017586
              2584.2           0.001917
              2578.9          -0.023125
              2573.7          -0.009692
              2568.5           0.007644
              2563.2          -0.003103
                2558          -0.010537
              2552.7          -0.005593
              2547.5           0.006290
              2542.3          -0.002861
                2537          -0.013340
              2531.8          -0.010388
              2526.5          -0.009421
              2521.3          -0.008423
              2516.1          -0.015821
              2510.8          -0.018796
              2505.6          -0.002883
              2500.3          -0.002078
              2495.1          -0.014913
              2489.9          -0.015521
              2484.6          -0.001222
              2479.4           0.000781
              2474.1           0.015268
              2468.9           0.020173
              2463.7           0.016698
              2458.4          -0.000427
              2453.2           0.002508
                2448           0.024063
              2442.7           0.024276
              2437.5          -0.001989
              2432.2          -0.008232
                2427          -0.010246
              2421.8           0.001530
              2416.5           0.009533
              2411.3           0.017185
              2406.1           0.028143
              2400.8           0.029021
              2395.6          -0.000179
              2390.4          -0.017040
              2385.1          -0.005613
              2379.9           0.020525
              2374.7           0.008728
              2369.4          -0.014634
              2364.2          -0.009047
              2358.9          -0.004818
              2353.7          -0.009637
              2348.5          -0.011619
              2343.2          -0.012795
                2338          -0.005056
              2332.8          -0.006044
              2327.5          -0.002434
              2322.3          -0.010492
              2317.1          -0.014865
              2311.8          -0.017368
              2306.6           0.000180
              2301.4           0.019447
              2296.2           0.028553
              2290.9           0.022943
              2285.7           0.000178
              2280.5          -0.018823
              2275.2          -0.003864
                2270          -0.006384
              2264.8          -0.021329
              2259.5          -0.030949
              2254.3          -0.035755
              2249.1          -0.031412
              2243.8          -0.016190
              2238.6           0.011978
              2233.4           0.032387
              2228.1           0.020092
              2222.9          -0.002241
              2217.7          -0.015598
              2212.5          -0.007707
              2207.2          -0.000027
                2202           0.003377
              2196.8          -0.024567
              2191.5          -0.027355
              2186.3          -0.007191
              2181.1           0.000166
              2175.9          -0.015938
              2170.6          -0.001894
              2165.4           0.028069
              2160.2           0.034904
                2155          -0.004811
              2149.7          -0.025486
              2144.5          -0.024041
              2139.3          -0.026387
                2134           0.001914
              2128.8           0.035834
              2123.6           0.058224
              2118.4           0.049328
              2113.1           0.034998
              2107.9           0.014087
              2102.7          -0.000105
              2097.5          -0.004162
              2092.2          -0.010029
                2087          -0.006008
              2081.8          -0.018205
              2076.6          -0.028815
              2071.3          -0.028837
              2066.1          -0.014579
              2060.9          -0.002505
              2055.7           0.007550
              2050.4           0.010025
              2045.2           0.011484
                2040          -0.005999
              2034.8          -0.007880
              2029.5          -0.009508
              2024.3          -0.001025
              2019.1           0.013429
              2013.9           0.016592
              2008.7           0.020862
              2003.4           0.026032
              1998.2           0.010880
                1993           0.008978
              1987.8           0.020309
              1982.6           0.034442
              1977.3           0.023729
              1972.1           0.016230
              1966.9           0.022191
              1961.7           0.029687
              1956.4           0.007481
              1951.2          -0.011324
                1946          -0.002686
              1940.8           0.014312
              1935.6           0.029299
              1930.3           0.033339
              1925.1           0.009177
              1919.9          -0.002935
              1914.7           0.006791
              1909.5           0.012806
              1904.3          -0.010195
                1899          -0.018301
              1893.8          -0.000200
              1888.6           0.010470
              1883.4           0.009384
              1878.2           0.009124
              1872.9          -0.007652
              1867.7          -0.017022
              1862.5          -0.027816
              1857.3          -0.025070
              1852.1          -0.004125
              1846.9           0.018171
              1841.6           0.026689
              1836.4           0.022323
              1831.2           0.005607
                1826          -0.006269
              1820.8          -0.022347
              1815.6          -0.009008
              1810.3           0.010472
              1805.1           0.015499
              1799.9          -0.003713
              1794.7          -0.015075
              1789.5          -0.010473
              1784.3          -0.013056
              1779.1          -0.022101
              1773.8          -0.017652
              1768.6          -0.018549
              1763.4          -0.007898
              1758.2           0.006824
                1753           0.015023
              1747.8          -0.004914
              1742.6          -0.007684
              1737.4           0.006102
              1732.1           0.018165
              1726.9           0.013604
              1721.7           0.002223
              1716.5          -0.007843
              1711.3          -0.000900
              1706.1          -0.016873
              1700.9          -0.032836
              1695.7          -0.025820
              1690.4          -0.018209
              1685.2          -0.013252
                1680          -0.000122
              1674.8          -0.016068
              1669.6          -0.009075
              1664.4           0.010324
              1659.2           0.012415
                1654           0.000653
              1648.8          -0.006629
              1643.6          -0.020572
              1638.3          -0.025991
              1633.1          -0.019433
              1627.9           0.002804
              1622.7          -0.006148
              1617.5          -0.014936
              1612.3          -0.007488
              1607.1          -0.022314
              1601.9          -0.030508
              1596.7           0.004541
              1591.5           0.019601
              1586.3           0.008297
              1581.1          -0.014191
              1575.8          -0.023685
              1570.6          -0.025925
              1565.4          -0.008314
              1560.2           0.010489
                1555           0.003636
              1549.8          -0.021547
              1544.6          -0.019797
              1539.4          -0.012229
              1534.2          -0.008982
                1529          -0.010201
              1523.8          -0.002746
              1518.6          -0.003182
              1513.4          -0.010450
              1508.2          -0.024862
                1503          -0.010422
              1497.8           0.004183
              1492.6           0.002649
              1487.3          -0.018010
              1482.1          -0.022377
              1476.9          -0.020347
              1471.7          -0.014672
              1466.5          -0.022235
              1461.3          -0.027149
              1456.1          -0.022796
              1450.9          -0.014465
              1445.7          -0.005317
              1440.5           0.000026
              1435.3           0.000028
              1430.1           0.005117
              1424.9           0.003543
              1419.7           0.010214
              1414.5           0.002789
              1409.3          -0.010511
              1404.1          -0.022873
              1398.9          -0.005717
              1393.7           0.015328
              1388.5           0.009222
              1383.3          -0.011957
              1378.1           0.006287
              1372.9           0.009254
              1367.7           0.001199
              1362.5          -0.004156
              1357.3           0.001382
              1352.1           0.007765
              1346.9           0.014833
              1341.7           0.013928
              1336.5           0.009125
              1331.3          -0.003641
              1326.1          -0.006676
              1320.9          -0.000902
              1315.7           0.016640
              1310.5           0.005047
              1305.3          -0.016425
              1300.1          -0.014004
              1294.9          -0.011177
              1289.7          -0.017988
              1284.5          -0.012179
              1279.3          -0.013482
              1274.1           0.005051
              1268.9           0.022256
              1263.7           0.018020
              1258.5           0.006947
              1253.3           0.024230
              1248.1           0.029068
                1243           0.014395
              1237.8           0.001781
              1232.6           0.003038
              1227.4           0.002554
              1222.2           0.008569
                1217           0.012205
              1211.8           0.020061
              1206.6           0.037874
              1201.4           0.043276
              1196.2           0.010298
                1191           0.007642
              1185.8           0.019045
              1180.6           0.015761
              1175.4           0.005990
              1170.2           0.015428
                1165           0.021960
              1159.8           0.022139
              1154.7           0.011033
              1149.5           0.000466
              1144.3          -0.001372
              1139.1           0.004059
              1133.9          -0.001336
              1128.7          -0.005869
              1123.5          -0.018844
              1118.3          -0.032579
              1113.1          -0.036043
              1107.9          -0.020612
              1102.7          -0.020637
              1097.5          -0.022364
              1092.4          -0.009485
              1087.2           0.003485
                1082          -0.008714
              1076.8          -0.012875
              1071.6           0.009107
              1066.4           0.021344
              1061.2           0.000889
                1056           0.000145
              1050.8          -0.001690
              1045.6          -0.014395
              1040.5          -0.020724
              1035.3           0.005019
              1030.1           0.022239
              1024.9           0.011534
              1019.7          -0.009078
              1014.5           0.006553
              1009.3           0.017147
              1004.1           0.005500
                 999          -0.005578
               993.8           0.008478
               988.6           0.008126
               983.4           0.009371
               978.2          -0.005680
                 973          -0.002727
               967.8           0.016719
               962.6           0.034831
               957.5           0.045156
               952.3           0.038852
               947.1           0.004849
               941.9          -0.007760
               936.7          -0.001398
               931.5           0.009654
               926.3           0.014031
               921.2           0.031706
                 916           0.038468
               910.8           0.030624
               905.6           0.000877
               900.4          -0.017218
               895.2          -0.020430
               890.1           0.000861
               884.9           0.013447
               879.7           0.010719
               874.5          -0.002574
               869.3          -0.015200
               864.1          -0.025091
                 859          -0.014536
               853.8          -0.010161
               848.6           0.000989
               843.4           0.018787
               838.2           0.021678
               833.1          -0.000968
               827.9          -0.009601
               822.7          -0.005238
               817.5           0.015273
               812.3           0.022657
               807.1           0.014550
                 802           0.006894
               796.8           0.012414
               791.6           0.000341
               786.4           0.005592
               781.2           0.009039
               776.1           0.002552
               770.9          -0.006393
               765.7           0.005855
               760.5           0.015467
               755.4           0.014998
               750.2           0.001352
                 745           0.000843
               739.8           0.010578
               734.6           0.017723
               729.5          -0.004330
               724.3          -0.014387
               719.1          -0.010019
               713.9          -0.011923
               708.7          -0.014624
               703.6           0.008953
               698.4           0.002813
               693.2          -0.002558
                 688           0.002694
               682.9           0.011378
               677.7           0.003934
               672.5          -0.014589
               667.3          -0.024011
               662.2          -0.000756
                 657          -0.003997
               651.8          -0.015311
               646.6          -0.009486
               641.5           0.002824
               636.3           0.009744
               631.1           0.029489
               625.9           0.014169
               620.8          -0.002063
               615.6          -0.005696
               610.4          -0.006068
               605.2          -0.010800
               600.1          -0.008393
               594.9           0.009433
               589.7           0.028421
               584.5           0.027128
               579.4           0.023706
               574.2          -0.010685
                 569          -0.034944
               563.9          -0.037727
               558.7          -0.024177
               553.5          -0.018675
               548.3           0.001335
               543.2           0.001179
                 538           0.014864
               532.8           0.021105
               527.7          -0.008453
               522.5          -0.023859
               517.3          -0.006518
               512.1          -0.004617
                 507          -0.001673
               501.8          -0.001210
               496.6           0.000478
               491.5           0.002095
               486.3           0.015053
               481.1           0.019610
                 476           0.024082
               470.8           0.019826
               465.6           0.005619
               460.4          -0.012770
               455.3          -0.001208
               450.1          -0.006088
               444.9          -0.016278
               439.8          -0.020135
               434.6          -0.017698
               429.4          -0.009539
               424.3           0.007877
               419.1          -0.001974
               413.9          -0.020518
               408.8          -0.022988
               403.6          -0.005616
               398.4           0.000486
               393.3           0.003790
               388.1          -0.002355
               382.9           0.000316
               377.8           0.007156
               372.6           0.011919
               367.4          -0.000941
               362.3          -0.009301
               357.1          -0.015062
               351.9           0.005278
               346.8           0.008981
               341.6          -0.003685
               336.4          -0.011846
               331.3           0.008318
               326.1           0.005316
                 321          -0.001333
               315.8          -0.012757
               310.6          -0.019304
               305.5          -0.016872
               300.3           0.004507
               295.1           0.014989
                 290           0.007588
               284.8          -0.005855
               279.6          -0.004389
               274.5          -0.012803
               269.3          -0.010373
               264.2           0.000662
                 259           0.005045
               253.8          -0.008246
               248.7          -0.007522
               243.5          -0.020959
               238.4          -0.017678
               233.2          -0.000438
                 228           0.015941
               222.9          -0.004722
               217.7          -0.025001
               212.6          -0.024273
               207.4          -0.010226
               202.2          -0.009109
               197.1          -0.019085
               191.9          -0.028980
               186.8          -0.000854
               181.6           0.008148
               176.4          -0.011550
               171.3          -0.020363
               166.1           0.005532
                 161           0.030547
               155.8           0.030727
               150.6           0.009156
               145.5           0.020053
               140.3           0.018046
               135.2           0.017983
                 130           0.028113
               124.9           0.033082
               119.7           0.006585
               114.5           0.004182
               109.4          -0.002855
               104.2          -0.021246
                99.1          -0.027697
                93.9          -0.012191
                88.8          -0.010944
                83.6          -0.004970
                78.4           0.001106
                73.3           0.007353
                68.1           0.352586
                  63           0.406576
                57.8           0.463224
                52.7           0.497524
                47.5           0.598480
                42.4           0.754300
                37.2           0.947575
                32.1           1.235957
                26.9           1.727006
                21.7           3.102880
                16.6           6.757469
                11.4          24.664336
                 6.3          80.810343
                 1.1          -0.999000
                  -4          -0.999000
                -9.2          76.686990
               -14.3          44.854789
               -19.5          29.102929
               -24.6          18.356654
               -29.8          14.027109
               -34.9          13.745416
               -40.1          13.841871
               -45.2          11.507871
               -50.4           7.362209
               -55.5           4.088147
               -60.7           2.584179
               -65.8           2.253471
                 -71           2.810535
               -76.1           4.675503
               -81.3           8.963729
               -86.4          16.711652
               -91.6          27.466213
               -96.7          39.064039
              -101.9          48.530832
                -107          54.452929
              -112.2          56.985007
              -117.3          56.811046
              -122.5          54.224929
              -127.6          50.509467
              -132.8          47.338603
              -137.9          45.770681
              -143.1          44.922594
              -148.2          44.320777
              -153.4          44.225463
              -158.5          43.896505
              -163.7          43.264645
              -168.8          42.020093
                -174          40.605623
              -179.1          40.463477
              -184.3          40.760276
              -189.4          40.687798
              -194.5          39.755379
              -199.7          38.810885
              -204.8          39.106860
                -210          40.785233
              -215.1          41.823481
              -220.3          41.165940
              -225.4          40.747395
              -230.6          41.887577
              -235.7          44.187864
              -240.9          47.806334
                -246          52.715137
              -251.1          57.811197
              -256.3          61.501558
              -261.4          60.072751
              -266.6          49.924929
              -271.7          34.096774
              -276.9          19.645594
                -282          10.256616
              -287.2           5.218079
              -292.3           2.737193
              -297.4           1.468701
              -302.6           0.817353
              -307.7           0.463935
              -312.9           0.320991
                -318           0.232692
              -323.1           0.191406
              -328.3           0.123993
              -333.4           0.141164
              -338.6           0.132384
              -343.7           0.127605
              -348.9           0.084504
                -354           0.090087
              -359.1           0.052253
              -364.3           0.033885
              -369.4           0.006127
              -374.6           0.045075
              -379.7           0.016112
              -384.8          -0.004984
                -390          -0.014745
              -395.1           0.028645
              -400.3           0.024231
              -405.4           0.030114
              -410.5          -0.001713
              -415.7           0.026006
              -420.8           0.016456
              -425.9           0.037681
              -431.1           0.041209
              -436.2           0.072683
              -441.4           0.045073
              -446.5          -0.020099
              -451.6          -0.014910
              -456.8          -0.002541
              -461.9          -0.000117
                -467          -0.003092
              -472.2           0.015219
              -477.3           0.021902
              -482.5           0.026956
              -487.6           0.011086
              -492.7           0.001781
              -497.9           0.002110
                -503           0.016699
              -508.1           0.015766
              -513.3           0.015777
              -518.4           0.006898
              -523.5           0.021106
              -528.7           0.028642
              -533.8           0.029356
              -538.9           0.002419
              -544.1          -0.018461
              -549.2          -0.021281
              -554.3           0.001312
              -559.5           0.011812
              -564.6           0.011944
              -569.7           0.004598
              -574.9           0.008794
                -580          -0.012426
              -585.1          -0.026695
              -590.3          -0.032306
              -595.4          -0.016560
              -600.5          -0.016298
              -605.7          -0.004086
              -610.8          -0.000155
              -615.9           0.002681
              -621.1          -0.009199
              -626.2          -0.006790
              -631.3          -0.002239
              -636.5          -0.003818
              -641.6          -0.009373
              -646.7           0.002020
              -651.9           0.001497
                -657           0.000412
              -662.1          -0.011030
              -667.2           0.016043
              -672.4           0.033901
              -677.5           0.022498
              -682.6          -0.005045
              -687.8          -0.010546
              -692.9          -0.018408
                -698          -0.003505
              -703.2           0.000998
              -708.3           0.002355
              -713.4           0.003525
              -718.5           0.028762
              -723.7           0.016977
              -728.8          -0.006776
              -733.9          -0.022378
              -739.1          -0.013528
              -744.2           0.000032
              -749.3           0.011634
              -754.4           0.002239
              -759.6           0.004106
              -764.7           0.001307
              -769.8           0.011592
              -774.9          -0.002296
              -780.1           0.003533
              -785.2          -0.002297
              -790.3           0.001803
              -795.4           0.005284
              -800.6           0.009911
              -805.7           0.014264
              -810.8           0.023176
              -815.9          -0.001460
              -821.1          -0.024369
              -826.2          -0.038066
              -831.3          -0.015480
              -836.4          -0.000293
              -841.6           0.008880
              -846.7          -0.021379
              -851.8          -0.023485
              -856.9          -0.011818
              -862.1          -0.004860
              -867.2           0.000377
              -872.3           0.018756
              -877.4           0.011729
              -882.6           0.002710
              -887.7           0.003331
              -892.8           0.016836
              -897.9           0.012909
                -903           0.016463
              -908.2          -0.001221
              -913.3          -0.004151
              -918.4          -0.006760
              -923.5           0.001925
              -928.6          -0.005253
              -933.8           0.002894
              -938.9          -0.005758
                -944          -0.002340
              -949.1          -0.001314
              -954.3          -0.002927
              -959.4          -0.018088
              -964.5          -0.006085
              -969.6          -0.004756
              -974.7           0.009857
              -979.8           0.016955
                -985           0.033022
              -990.1           0.028435
              -995.2           0.022093
             -1000.3           0.003525
             -1005.4           0.006041
             -1010.6          -0.005273
             -1015.7          -0.014099
             -1020.8           0.003904
             -1025.9           0.028517
               -1031           0.008198
             -1036.1           0.005643
             -1041.3           0.001510
             -1046.4           0.016871
             -1051.5           0.005233
             -1056.6          -0.009928
             -1061.7          -0.002421
             -1066.9           0.035901
               -1072           0.024291
             -1077.1           0.023026
             -1082.2           0.019283
             -1087.3           0.007324
             -1092.4          -0.010521
             -1097.5          -0.004341
             -1102.7          -0.006016
             -1107.8          -0.003677
             -1112.9          -0.022212
               -1118          -0.017646
             -1123.1          -0.003005
             -1128.2           0.020227
             -1133.3           0.015166
             -1138.5           0.007424
             -1143.6          -0.015026
             -1148.7          -0.009190
             -1153.8          -0.018826
             -1158.9          -0.010401
               -1164          -0.009584
             -1169.1          -0.006043
             -1174.3          -0.008526
             -1179.4           0.004402
             -1184.5           0.001674
             -1189.6           0.009488
             -1194.7           0.003683
             -1199.8           0.011869
             -1204.9           0.004456
               -1210           0.003944
             -1215.1          -0.009056
             -1220.3          -0.018887
             -1225.4          -0.030063
             -1230.5          -0.002670
             -1235.6           0.017095
             -1240.7           0.014275
             -1245.8          -0.026132
             -1250.9          -0.026822
               -1256          -0.028433
             -1261.1          -0.034208
             -1266.3          -0.028180
             -1271.4          -0.000225
             -1276.5          -0.014579
             -1281.6          -0.025465
             -1286.7          -0.031580
             -1291.8          -0.002967
             -1296.9           0.003115
               -1302           0.010961
             -1307.1           0.009217
             -1312.2           0.023948
             -1317.3           0.004498
             -1322.4          -0.003917
             -1327.6          -0.002727
             -1332.7           0.008141
             -1337.8          -0.006979
             -1342.9          -0.012346
               -1348          -0.023903
             -1353.1          -0.034729
             -1358.2          -0.062719
             -1363.3          -0.038870
             -1368.4          -0.017626
             -1373.5           0.001900
             -1378.6          -0.008578
             -1383.7          -0.013869
             -1388.8          -0.016532
             -1393.9          -0.000604
               -1399          -0.010731
             -1404.1           0.013725
             -1409.2           0.023929
             -1414.4           0.017723
             -1419.5          -0.001977
             -1424.6           0.000106
             -1429.7          -0.008801
             -1434.8          -0.001097
             -1439.9          -0.021972
               -1445          -0.019950
             -1450.1          -0.019289
             -1455.2          -0.008168
             -1460.3          -0.008341
             -1465.4           0.011898
             -1470.5          -0.006727
             -1475.6          -0.019902
             -1480.7          -0.025069
             -1485.8          -0.009779
             -1490.9          -0.006939
               -1496           0.025184
             -1501.1           0.043704
             -1506.2           0.049604
             -1511.3           0.021750
             -1516.4           0.016686
             -1521.5          -0.000496
             -1526.6           0.001633
             -1531.7           0.003379
             -1536.8           0.017180
             -1541.9           0.013267
               -1547           0.016130
             -1552.1          -0.008256
             -1557.2          -0.012440
             -1562.3          -0.009361
             -1567.4           0.029325
             -1572.5           0.035668
             -1577.6           0.023216
             -1582.7          -0.012012
             -1587.8          -0.007046
             -1592.9          -0.012212
               -1598          -0.003595
             -1603.1          -0.002231
             -1608.2           0.012118
             -1613.3           0.006851
             -1618.4           0.028955
             -1623.5           0.047373
             -1628.6           0.053302
             -1633.7           0.031126
             -1638.8           0.030936
             -1643.9           0.009681
               -1649          -0.017948
             -1654.1          -0.062099
             -1659.2          -0.045797
             -1664.3          -0.026033
             -1669.4          -0.006984
             -1674.4          -0.002702
             -1679.5          -0.003386
             -1684.6          -0.030789
             -1689.7          -0.017712
             -1694.8          -0.030288
             -1699.9          -0.013295
               -1705          -0.007949
             -1710.1          -0.000499
             -1715.2          -0.014674
             -1720.3          -0.013371
             -1725.4          -0.002976
             -1730.5           0.039461
             -1735.6           0.025909
             -1740.7           0.000072
             -1745.8          -0.014116
             -1750.9           0.003761
               -1756          -0.001601
               -1761           0.019615
             -1766.1          -0.024796
             -1771.2          -0.028608
             -1776.3           0.013238
             -1781.4           0.037408
             -1786.5           0.013761
             -1791.6          -0.001550
             -1796.7          -0.022329
             -1801.8          -0.024908
             -1806.9          -0.015254
               -1812          -0.000488
             -1817.1          -0.010942
             -1822.1          -0.002410
             -1827.2           0.000924
             -1832.3           0.012276
             -1837.4           0.050899
             -1842.5           0.065616
             -1847.6           0.061540
             -1852.7           0.048488
             -1857.8           0.047898
             -1862.9           0.040366
             -1867.9          -0.008038
               -1873          -0.024693
             -1878.1           0.023604
             -1883.2           0.055548
             -1888.3           0.042985
             -1893.4           0.022389
             -1898.5           0.022135
             -1903.6           0.045759
             -1908.7           0.036181
             -1913.7           0.023918
             -1918.8           0.017461
             -1923.9           0.001178
               -1929          -0.033924
             -1934.1          -0.063984
             -1939.2          -0.053912
             -1944.3          -0.059686
             -1949.3          -0.061832
             -1954.4          -0.042197
             -1959.5          -0.029441
             -1964.6          -0.028663
             -1969.7          -0.044777
             -1974.8          -0.049567
             -1979.9          -0.029493
             -1984.9          -0.015137
               -1990          -0.012206
             -1995.1          -0.015085
             -2000.2          -0.011505