#                      Published-Value
#      Spectral-axis           Intensity         Uncertainty
#             [km/s]               [Jy]                [Jy] 
              3293.5          -0.010451
              3288.3          -0.010473
                3283          -0.004279
              3277.7           0.000870
              3272.5           0.002355
              3267.2           0.004463
              3261.9           0.005889
              3256.7           0.006146
              3251.4           0.006096
              3246.1           0.005082
              3240.9           0.003828
              3235.6           0.000038
              3230.3           0.000362
              3225.1           0.004175
              3219.8           0.003997
              3214.6           0.004163
              3209.3           0.005196
                3204           0.002218
              3198.8           0.000478
              3193.5          -0.000486
              3188.2           0.002602
                3183           0.006786
              3177.7           0.006789
              3172.4           0.004615
              3167.2           0.002461
              3161.9           0.000555
              3156.7           0.002618
              3151.4           0.001806
              3146.1           0.000886
              3140.9          -0.000427
              3135.6          -0.006125
              3130.4          -0.008278
              3125.1          -0.002429
              3119.8          -0.002481
              3114.6          -0.008213
              3109.3          -0.011849
                3104          -0.010762
              3098.8          -0.004678
              3093.5          -0.001220
              3088.3          -0.006424
                3083          -0.007268
              3077.8          -0.004877
              3072.5          -0.006261
              3067.2          -0.008643
                3062          -0.007786
              3056.7          -0.005053
              3051.5          -0.000806
              3046.2          -0.000619
              3040.9          -0.003513
              3035.7          -0.010820
              3030.4          -0.013645
              3025.2          -0.006604
              3019.9          -0.000948
              3014.7          -0.002276
              3009.4          -0.002453
              3004.1          -0.000915
              2998.9           0.003882
              2993.6           0.007119
              2988.4           0.007607
              2983.1           0.008012
              2977.9           0.008385
              2972.6           0.004486
              2967.3           0.001201
              2962.1           0.001567
              2956.8           0.003111
              2951.6           0.004114
              2946.3           0.005734
              2941.1           0.003012
              2935.8           0.003184
              2930.6           0.006947
              2925.3           0.007044
              2920.1           0.004138
              2914.8           0.004004
              2909.5           0.004991
              2904.3           0.008098
                2899           0.007966
              2893.8           0.007964
              2888.5           0.007448
              2883.3           0.002761
                2878          -0.003975
              2872.8          -0.006545
              2867.5          -0.004995
              2862.3          -0.000457
                2857           0.001021
              2851.8          -0.002068
              2846.5          -0.005353
              2841.3          -0.004159
                2836          -0.001329
              2830.8           0.001240
              2825.5          -0.000969
              2820.3          -0.001351
                2815           0.002498
              2809.8           0.003121
              2804.5          -0.005437
              2799.3          -0.010568
                2794          -0.006788
              2788.8          -0.000218
              2783.5           0.001917
              2778.3          -0.001473
                2773          -0.007731
              2767.8          -0.006703
              2762.5          -0.000108
              2757.3           0.005646
                2752           0.002895
              2746.8          -0.002926
              2741.5          -0.004316
              2736.3          -0.002396
                2731          -0.001791
              2725.8          -0.001177
              2720.5          -0.001743
              2715.3           0.001239
              2710.1           0.004675
              2704.8           0.002278
              2699.6          -0.000164
              2694.3           0.004431
              2689.1           0.006103
              2683.8           0.006364
              2678.6           0.004950
              2673.3           0.000931
              2668.1           0.000694
              2662.8           0.004984
              2657.6           0.005686
              2652.4           0.005263
              2647.1           0.003962
              2641.9           0.005078
              2636.6           0.001917
              2631.4          -0.002686
              2626.1          -0.002149
              2620.9          -0.001803
              2615.6          -0.002272
              2610.4          -0.000142
              2605.2          -0.004967
              2599.9          -0.007219
              2594.7          -0.004635
              2589.4          -0.002211
              2584.2          -0.001272
              2578.9          -0.002513
              2573.7          -0.005766
              2568.5          -0.007819
              2563.2          -0.007769
                2558          -0.003441
              2552.7           0.000033
              2547.5           0.002491
              2542.3           0.000464
                2537          -0.002406
              2531.8           0.000001
              2526.5           0.004967
              2521.3           0.005055
              2516.1           0.008245
              2510.8           0.012198
              2505.6           0.012421
              2500.3           0.011657
              2495.1           0.009365
              2489.9           0.007631
              2484.6           0.007031
              2479.4          -0.001874
              2474.1          -0.003207
              2468.9           0.002903
              2463.7           0.003638
              2458.4           0.001966
              2453.2           0.001506
                2448          -0.002794
              2442.7          -0.001999
              2437.5           0.000008
              2432.2           0.000156
                2427           0.003471
              2421.8           0.006095
              2416.5           0.003006
              2411.3          -0.000092
              2406.1          -0.001339
              2400.8          -0.000972
              2395.6          -0.003282
              2390.4          -0.002590
              2385.1          -0.000777
              2379.9          -0.000305
              2374.7          -0.002002
              2369.4          -0.003051
              2364.2          -0.003524
              2358.9          -0.000647
              2353.7           0.001484
              2348.5           0.001489
              2343.2           0.004525
                2338           0.008180
              2332.8           0.010557
              2327.5           0.013456
              2322.3           0.004017
              2317.1          -0.005501
              2311.8          -0.006633
              2306.6          -0.007669
              2301.4          -0.007861
              2296.2          -0.004362
              2290.9          -0.003328
              2285.7          -0.000251
              2280.5           0.002226
              2275.2           0.004210
                2270          -0.000639
              2264.8          -0.006007
              2259.5          -0.001858
              2254.3           0.005093
              2249.1          -0.001892
              2243.8          -0.002666
              2238.6           0.005291
              2233.4           0.002196
              2228.1          -0.009636
              2222.9          -0.022494
              2217.7          -0.025468
              2212.5          -0.011157
              2207.2          -0.002776
                2202          -0.008885
              2196.8          -0.022626
              2191.5          -0.024145
              2186.3          -0.013525
              2181.1          -0.001224
              2175.9           0.001343
              2170.6          -0.001992
              2165.4           0.002681
              2160.2           0.007756
                2155           0.009465
              2149.7           0.008166
              2144.5           0.004985
              2139.3           0.006454
                2134           0.007005
              2128.8           0.004507
              2123.6           0.001582
              2118.4           0.003429
              2113.1           0.002172
              2107.9           0.001683
              2102.7           0.002794
              2097.5           0.002001
              2092.2           0.001123
                2087           0.003716
              2081.8           0.005719
              2076.6           0.004948
              2071.3          -0.000560
              2066.1          -0.004597
              2060.9          -0.008681
              2055.7          -0.007152
              2050.4          -0.001168
              2045.2          -0.000063
                2040          -0.003866
              2034.8          -0.000040
              2029.5           0.005795
              2024.3           0.004468
              2019.1          -0.000981
              2013.9          -0.000487
              2008.7           0.004130
              2003.4           0.005527
              1998.2          -0.001683
                1993          -0.005030
              1987.8          -0.005509
              1982.6          -0.005886
              1977.3          -0.003317
              1972.1           0.002456
              1966.9           0.004970
              1961.7           0.006160
              1956.4           0.003921
              1951.2          -0.000525
                1946          -0.001726
              1940.8           0.004244
              1935.6           0.008405
              1930.3           0.010259
              1925.1           0.007032
              1919.9          -0.001211
              1914.7          -0.008524
              1909.5          -0.006131
              1904.3          -0.000889
                1899           0.001545
              1893.8          -0.003924
              1888.6          -0.009909
              1883.4          -0.009451
              1878.2          -0.003917
              1872.9          -0.002208
              1867.7          -0.001608
              1862.5          -0.000547
              1857.3          -0.001383
              1852.1          -0.006649
              1846.9          -0.007825
              1841.6          -0.003858
              1836.4          -0.001765
              1831.2          -0.001813
                1826           0.001157
              1820.8          -0.000515
              1815.6          -0.002688
              1810.3          -0.001874
              1805.1           0.001541
              1799.9           0.003999
              1794.7           0.005745
              1789.5           0.004551
              1784.3           0.002812
              1779.1           0.002124
              1773.8          -0.001536
              1768.6          -0.005403
              1763.4           0.001724
              1758.2           0.007730
                1753           0.008519
              1747.8           0.004495
              1742.6           0.001060
              1737.4           0.001833
              1732.1           0.005313
              1726.9           0.005493
              1721.7           0.005676
              1716.5           0.004509
              1711.3           0.002663
              1706.1          -0.000064
              1700.9           0.002469
              1695.7           0.002540
              1690.4          -0.002945
              1685.2          -0.007369
                1680          -0.005215
              1674.8          -0.002819
              1669.6          -0.001276
              1664.4          -0.000798
              1659.2          -0.001071
                1654          -0.003408
              1648.8          -0.001925
              1643.6           0.001018
              1638.3           0.001521
              1633.1          -0.002405
              1627.9          -0.001153
              1622.7           0.005240
              1617.5           0.005840
              1612.3          -0.001089
              1607.1          -0.001338
              1601.9           0.000145
              1596.7           0.001579
              1591.5           0.002929
              1586.3           0.002768
              1581.1          -0.001988
              1575.8          -0.007851
              1570.6          -0.007568
              1565.4          -0.001111
              1560.2          -0.003328
                1555          -0.007360
              1549.8          -0.007470
              1544.6          -0.007893
              1539.4          -0.004897
              1534.2           0.001073
                1529          -0.002791
              1523.8          -0.004957
              1518.6           0.000385
              1513.4           0.003654
              1508.2          -0.002157
                1503          -0.002713
              1497.8           0.004806
              1492.6           0.009298
              1487.3           0.007167
              1482.1           0.009959
              1476.9           0.012727
              1471.7           0.009112
              1466.5           0.002934
              1461.3           0.004589
              1456.1           0.006415
              1450.9           0.001861
              1445.7          -0.001321
              1440.5           0.001683
              1435.3          -0.003554
              1430.1          -0.004153
              1424.9           0.002269
              1419.7           0.002819
              1414.5           0.001924
              1409.3           0.007484
              1404.1           0.008250
              1398.9           0.004459
              1393.7           0.005524
              1388.5           0.010793
              1383.3           0.012283
              1378.1           0.011962
              1372.9           0.007115
              1367.7           0.004582
              1362.5           0.006242
              1357.3           0.012910
              1352.1           0.016158
              1346.9           0.012970
              1341.7           0.010881
              1336.5           0.013884
              1331.3           0.015546
              1326.1           0.021425
              1320.9           0.026776
              1315.7           0.026316
              1310.5           0.024574
              1305.3           0.029073
              1300.1           0.035230
              1294.9           0.044424
              1289.7           0.049024
              1284.5           0.049654
              1279.3           0.054013
              1274.1           0.057336
              1268.9           0.064537
              1263.7           0.078643
              1258.5           0.092052
              1253.3           0.109629
              1248.1           0.121187
                1243           0.128645
              1237.8           0.130368
              1232.6           0.131435
              1227.4           0.132099
              1222.2           0.126207
                1217           0.118581
              1211.8           0.116664
              1206.6           0.111500
              1201.4           0.108844
              1196.2           0.108892
                1191           0.100528
              1185.8           0.090666
              1180.6           0.095439
              1175.4           0.100804
              1170.2           0.099278
                1165           0.093684
              1159.8           0.089628
              1154.7           0.085841
              1149.5           0.079661
              1144.3           0.076316
              1139.1           0.080377
              1133.9           0.077983
              1128.7           0.076507
              1123.5           0.077690
              1118.3           0.081430
              1113.1           0.086876
              1107.9           0.090681
              1102.7           0.089603
              1097.5           0.089481
              1092.4           0.096166
              1087.2           0.107855
                1082           0.115365
              1076.8           0.118084
              1071.6           0.115357
              1066.4           0.112845
              1061.2           0.110195
                1056           0.105421
              1050.8           0.095732
              1045.6           0.091982
              1040.5           0.087163
              1035.3           0.080648
              1030.1           0.071481
              1024.9           0.063515
              1019.7           0.063216
              1014.5           0.056906
              1009.3           0.047191
              1004.1           0.049578
                 999           0.045033
               993.8           0.041468
               988.6           0.041053
               983.4           0.033943
               978.2           0.023486
                 973           0.016760
               967.8           0.011358
               962.6           0.010531
               957.5           0.011392
               952.3           0.014906
               947.1           0.013473
               941.9           0.008771
               936.7           0.010870
               931.5           0.019297
               926.3           0.016356
               921.2           0.011271
                 916           0.012171
               910.8           0.013649
               905.6           0.011647
               900.4           0.011657
               895.2           0.011108
               890.1           0.010765
               884.9           0.006372
               879.7           0.002912
               874.5           0.005507
               869.3           0.008728
               864.1           0.006778
                 859           0.010481
               853.8           0.011978
               848.6           0.006705
               843.4           0.000923
               838.2          -0.000167
               833.1           0.003436
               827.9           0.008649
               822.7           0.001992
               817.5          -0.002817
               812.3           0.001940
               807.1           0.003360
                 802          -0.001609
               796.8           0.001983
               791.6           0.000762
               786.4          -0.003569
               781.2           0.000884
               776.1           0.005620
               770.9           0.004383
               765.7           0.000243
               760.5          -0.008113
               755.4          -0.008665
               750.2          -0.004298
                 745          -0.001008
               739.8          -0.005197
               734.6          -0.010963
               729.5          -0.012239
               724.3          -0.011193
               719.1          -0.013507
               713.9          -0.013699
               708.7          -0.011988
               703.6          -0.009978
               698.4          -0.006106
               693.2          -0.001310
                 688          -0.002395
               682.9          -0.000044
               677.7          -0.001628
               672.5          -0.002447
               667.3           0.001018
               662.2           0.001952
                 657          -0.001551
               651.8          -0.001230
               646.6          -0.000659
               641.5          -0.001252
               636.3          -0.001868
               631.1          -0.001020
               625.9          -0.003201
               620.8          -0.002380
               615.6          -0.003311
               610.4          -0.006313
               605.2          -0.008967
               600.1          -0.011734
               594.9          -0.016017
               589.7          -0.011797
               584.5          -0.005629
               579.4          -0.004963
               574.2          -0.009535
                 569          -0.006084
               563.9          -0.001218
               558.7          -0.004931
               553.5          -0.009274
               548.3          -0.003799
               543.2          -0.003807
                 538          -0.010206
               532.8          -0.016234
               527.7          -0.018142
               522.5          -0.017072
               517.3          -0.011725
               512.1          -0.013006
                 507          -0.013053
               501.8          -0.005520
               496.6           0.001817
               491.5          -0.000440
               486.3          -0.003230
               481.1          -0.007887
                 476          -0.010137
               470.8          -0.009387
               465.6          -0.005491
               460.4          -0.006327
               455.3          -0.008693
               450.1          -0.003142
               444.9           0.006306
               439.8           0.004047
               434.6           0.000729
               429.4          -0.001271
               424.3          -0.005235
               419.1          -0.008107
               413.9          -0.007248
               408.8          -0.010805
               403.6          -0.007065
               398.4           0.002587
               393.3           0.006209
               388.1          -0.000018
               382.9          -0.001340
               377.8           0.001516
               372.6           0.005095
               367.4           0.007908
               362.3           0.009580
               357.1           0.005588
               351.9           0.002635
               346.8           0.002110
               341.6           0.009408
               336.4           0.010887
               331.3           0.006830
               326.1           0.007907
                 321           0.010078
               315.8           0.004866
               310.6           0.005040
               305.5           0.004216
               300.3           0.000788
               295.1          -0.001782
                 290          -0.002187
               284.8          -0.000709
               279.6           0.006981
               274.5           0.010816
               269.3           0.010859
               264.2           0.009903
                 259           0.012588
               253.8           0.013052
               248.7           0.013946
               243.5           0.014419
               238.4           0.017052
               233.2           0.015703
                 228           0.014637
               222.9           0.013058
               217.7           0.009163
               212.6           0.000888
               207.4          -0.004606
               202.2          -0.006467
               197.1          -0.001477
               191.9           0.001453
               186.8           0.000022
               181.6          -0.000353
               176.4           0.000880
               171.3          -0.001347
               166.1           0.000368
                 161           0.002925