#                      Published-Value
#      Spectral-axis           Intensity
#             [km/s]                [Jy]
            -615.301             -0.0095
            -611.206             -0.0085
             -607.11             -0.0075
             -602.89              0.0029
            -598.683              0.0122
            -594.616              0.0112
            -590.562              0.0091
            -586.522               0.006
            -582.468              0.0039
              -578.4              0.0029
            -574.347              0.0008
            -570.265              0.0008
            -566.183              0.0008
            -562.102              0.0008
            -558.006              0.0018
            -553.925              0.0018
            -549.829              0.0028
            -545.748              0.0028
            -541.666              0.0028
            -537.598              0.0018
            -533.517              0.0018
            -529.435              0.0018
             -525.34              0.0028
            -521.258              0.0028
            -517.177              0.0028
            -513.095              0.0028
            -508.999              0.0038
            -504.918              0.0038
            -500.836              0.0038
            -496.755              0.0038
            -492.687              0.0028
            -488.647             -0.0003
            -484.593             -0.0024
            -480.553             -0.0055
            -476.499             -0.0076
            -472.446             -0.0097
            -468.392             -0.0117
            -464.324             -0.0128
            -460.243             -0.0128
            -456.147             -0.0118
            -452.038             -0.0097
            -447.928             -0.0076
            -443.805             -0.0045
             -439.71             -0.0035
              -435.6             -0.0014
            -431.505             -0.0004
            -427.437             -0.0014
            -423.383             -0.0035
            -419.316             -0.0045
            -415.248             -0.0056
            -411.152             -0.0045
            -407.057             -0.0035
            -402.962             -0.0025
            -398.866             -0.0014
            -394.771             -0.0004
            -390.675              0.0006
            -386.594              0.0006
            -382.526             -0.0004
            -378.458             -0.0015
             -374.39             -0.0025
            -370.323             -0.0035
            -366.255             -0.0046
            -362.187             -0.0056
             -358.12             -0.0067
            -354.066             -0.0087
            -349.998             -0.0098
             -345.93             -0.0108
            -341.863             -0.0118
            -337.781             -0.0119
            -333.686             -0.0108
             -329.59             -0.0098
            -325.495             -0.0088
            -321.385             -0.0067
            -317.304             -0.0067
            -313.194             -0.0046
            -309.099             -0.0036
             -304.99             -0.0015
            -300.894             -0.0005
            -296.785              0.0016
            -292.661              0.0047
            -288.566              0.0057
            -284.457              0.0078
            -280.361              0.0088
             -276.28              0.0088
            -272.198              0.0088
            -268.116              0.0088
            -264.035              0.0088
            -259.953              0.0088
            -255.872              0.0088
            -251.804              0.0078
            -247.736              0.0067
            -243.655              0.0067
            -239.573              0.0067
            -235.478              0.0077
            -231.354              0.0109
            -227.259              0.0119
             -223.15               0.014
             -219.04               0.016
            -214.931              0.0181
            -210.835              0.0191
            -206.768              0.0181
            -202.728               0.015
            -198.702              0.0108
            -194.676              0.0067
            -190.677              0.0005
             -186.61             -0.0006
             -182.57             -0.0037
            -178.516             -0.0058
            -174.407             -0.0037
            -170.283             -0.0006
            -166.174              0.0015
            -162.065              0.0035
            -157.969              0.0046
            -153.901              0.0035
            -149.834              0.0025
            -145.766              0.0015
            -141.712             -0.0006
            -137.644             -0.0017
            -133.563             -0.0017
            -129.467             -0.0006
            -125.386             -0.0006
            -121.318             -0.0017
            -117.264             -0.0038
             -113.21             -0.0058
            -109.198              -0.011
            -105.158             -0.0141
            -101.105             -0.0162
             -97.051             -0.0183
             -93.011             -0.0214
             -88.929             -0.0214
              -84.82             -0.0193
             -80.697             -0.0162
             -76.559             -0.0121
             -72.409             -0.0069
             -68.299             -0.0048
             -64.176             -0.0017
             -60.025              0.0035
             -55.902              0.0066
             -51.806              0.0076
             -47.711              0.0086
             -43.615              0.0097
             -39.534              0.0097
             -35.452              0.0096
              -31.37              0.0096
             -27.303              0.0086
             -23.221              0.0086
             -19.154              0.0076
             -15.086              0.0065
             -11.018              0.0055
               -6.95              0.0044
              -2.883              0.0034
               1.185              0.0024
               5.253              0.0013
               9.334              0.0013
              13.416              0.0013
              17.497              0.0013
              21.593              0.0023
               25.73              0.0065
              29.826              0.0075
              33.921              0.0086
              38.003              0.0085
              42.112              0.0106
              46.194              0.0106
              50.289              0.0116
              54.371              0.0116
              58.438              0.0106
              62.492              0.0085
               66.56              0.0075
              70.586              0.0033
              74.626              0.0002
              78.666             -0.0029
               82.72              -0.005
              86.773              -0.007
              90.827             -0.0091
              94.895             -0.0102
               98.99             -0.0091
             103.086             -0.0081
             107.209              -0.005
             111.332             -0.0019
             115.469              0.0023
             119.593              0.0054
             123.688              0.0064
             127.798              0.0085
             131.851              0.0064
             135.919              0.0054
             139.987              0.0043
             144.041              0.0022
             148.094              0.0002
             152.176              0.0002
             156.271              0.0012
             160.367              0.0022
             164.462              0.0033
             168.586              0.0064
             172.764              0.0136
             176.957              0.0219
              181.15              0.0302
             185.398              0.0426
             189.743              0.0623
             194.102               0.083
             198.476              0.1048
             202.821              0.1245
             207.111                0.14
             211.484              0.1618
             215.746              0.1752
             219.883              0.1794
             223.923              0.1763
             227.963              0.1731
             231.947              0.1659
             235.918              0.1576
             239.916              0.1514
             243.928              0.1462
             247.913              0.1389
             251.967              0.1369
             255.979              0.1317
              260.06              0.1317
             264.142              0.1317
             268.224              0.1317
             272.305              0.1317
             276.373              0.1306
             280.441              0.1296
             284.522              0.1296
             288.618              0.1306
             292.713              0.1316
             296.809              0.1327
             300.918              0.1347
             305.027              0.1368
             309.137              0.1389
             313.218              0.1389
               317.3              0.1389
             321.368              0.1378
             325.407              0.1347
             329.447              0.1316
             333.501              0.1295
             337.541              0.1264
             341.595              0.1243
             345.663              0.1233
             349.758              0.1243
             353.854              0.1254
             357.949              0.1264
             362.045              0.1274
             366.126              0.1274
             370.166              0.1243
              374.22              0.1222
             378.274              0.1202
             382.341              0.1191
             386.465              0.1222
             390.574              0.1243
             394.683              0.1264
             398.834              0.1316
             402.985              0.1367
             407.122              0.1409
             411.246               0.144
             415.341               0.145
             419.423               0.145
              423.49               0.144
             427.558              0.1429
             431.654               0.144
             435.763               0.146
               439.9              0.1502
             444.023              0.1533
              448.16              0.1574
             452.284              0.1605
             456.393              0.1626
             460.516              0.1657
             464.598              0.1657
             468.679              0.1657
             472.761              0.1657
             476.843              0.1657
              480.91              0.1646
             484.964              0.1626
              488.99              0.1584
              493.03              0.1553
             497.028              0.1491
             501.041              0.1439
             505.025              0.1366
             509.009              0.1294
             513.036              0.1252
             517.062              0.1211
             521.088              0.1169
             525.114              0.1128
             529.167              0.1107
             533.235              0.1097
             537.317              0.1097
             541.412              0.1107
             545.522              0.1128
             549.617              0.1138
             553.726              0.1159
             557.822              0.1169
             561.917              0.1179
             566.027                0.12
             570.136              0.1221
             574.273              0.1262
             578.396              0.1293
             582.561              0.1355
             586.726              0.1418
             590.877              0.1469
             595.042              0.1531
             599.179              0.1573
             603.302              0.1604
             607.301              0.1542
             611.257              0.1448
             615.186              0.1334
             618.962              0.1106
             622.794               0.092
              626.57              0.0692
             630.471              0.0557
             634.317              0.0381
             638.204              0.0236
             642.119              0.0111
             646.048             -0.0003
             650.074             -0.0044
             654.142             -0.0055
             658.237             -0.0044
             662.374             -0.0003
             666.498              0.0028
             670.621              0.0059
              674.73               0.008
             678.826               0.009
             682.893               0.008
             686.975               0.008
             691.029              0.0059
             695.097              0.0049
             699.178              0.0049
             703.246              0.0038
               707.3              0.0018
             711.353             -0.0003
             715.421             -0.0014
             719.503             -0.0014
             723.584             -0.0014
             727.666             -0.0014
             731.775              0.0007
             735.899              0.0038
             740.008              0.0059
             744.131               0.009
              748.24               0.011
             752.364              0.0141
             756.473              0.0162
             760.527              0.0141
             764.581              0.0121
             768.648               0.011
             772.674              0.0069
             776.687              0.0017
             780.727             -0.0014
              784.78             -0.0035
             788.834             -0.0056
             792.874             -0.0087
             796.914             -0.0118
             800.968             -0.0139
             805.036             -0.0149
             809.117             -0.0149
              813.24             -0.0118
             817.364             -0.0087
             821.501             -0.0046
             825.624             -0.0015
             829.761              0.0027
             833.829              0.0016
             837.883             -0.0004
             841.936             -0.0025
             845.976             -0.0056
             849.989             -0.0108
             854.015              -0.015
             858.082              -0.016
             862.178              -0.015
             866.287             -0.0129
             870.424             -0.0088
             874.561             -0.0046
             878.699             -0.0005
             882.836              0.0037
             886.973              0.0078
              891.11               0.012
             895.219               0.014
             899.301               0.014
             903.355              0.0119
             907.395              0.0088
             911.462              0.0078
             915.502              0.0047
             919.542              0.0016
              923.61              0.0005
             927.678             -0.0005
             931.759             -0.0005
             935.841             -0.0005
             939.922             -0.0005
              943.99             -0.0016
             948.044             -0.0036
             952.098             -0.0057
             956.152             -0.0078
             960.219             -0.0088
             964.301             -0.0088
             968.382             -0.0088
             972.492             -0.0068
             976.615             -0.0037
             980.738             -0.0006
             984.861              0.0025
             988.985              0.0057
             993.052              0.0046
              997.12              0.0036
             1001.16              0.0005
              1005.2             -0.0027
             1009.25             -0.0047
             1013.34             -0.0047
             1017.44             -0.0027
             1021.55             -0.0006
             1025.65              0.0004
             1029.74              0.0015
             1033.85              0.0035
             1037.94              0.0035
             1042.02              0.0035
             1046.11              0.0046
             1050.19              0.0046
             1054.29              0.0056
             1058.39              0.0066
             1062.47              0.0066
             1066.53              0.0056
             1070.59              0.0035
             1074.64              0.0014
             1078.68             -0.0017
             1082.74             -0.0038
             1086.79             -0.0058
             1090.84             -0.0079
             1094.91             -0.0089
             1099.01             -0.0079
             1103.12             -0.0058
             1107.23             -0.0038
             1111.39              0.0024
             1115.53              0.0066
             1119.65              0.0097
             1123.77              0.0128
              1127.9              0.0159
             1132.01               0.018
             1136.09               0.018
             1140.17               0.018
             1144.22              0.0159
             1148.28              0.0138
             1152.33              0.0117
             1156.39              0.0097
             1160.43              0.0065
             1164.49              0.0055
             1168.55              0.0034
             1172.61              0.0024
              1176.7              0.0024
             1180.79              0.0034
             1184.89              0.0044
             1188.98              0.0055
             1193.08              0.0065
             1197.13              0.0044
             1201.17              0.0013
             1205.23             -0.0008
             1209.24             -0.0059
             1213.28              -0.009
             1217.35             -0.0101
             1221.41             -0.0111
             1225.49             -0.0111
             1229.56             -0.0122
              1233.6             -0.0153
             1237.61             -0.0205
             1241.67             -0.0225
             1245.71             -0.0257
             1249.78             -0.0267
             1253.89             -0.0246
             1257.99             -0.0226
             1262.15             -0.0174
             1266.28             -0.0132
             1270.39             -0.0112
             1274.49             -0.0101
             1278.56             -0.0112
             1282.64             -0.0112
             1286.73             -0.0101
             1290.87              -0.006
             1295.01             -0.0019
             1299.13              0.0012
             1303.24              0.0033
             1307.35              0.0054
              1311.5              0.0106
             1315.58              0.0106
             1319.65              0.0095
             1323.72              0.0085
             1327.76              0.0054
             1331.82              0.0043
             1335.88              0.0022
             1339.95              0.0012
             1344.03              0.0012
             1348.14              0.0033
             1352.26              0.0064
             1356.41              0.0116
             1360.53              0.0147
             1364.66              0.0178
             1368.77              0.0198
             1372.88              0.0219
             1376.96              0.0219
                1381              0.0188
             1385.04              0.0157
             1389.06              0.0115
             1393.09              0.0074
             1397.07              0.0001
             1401.07             -0.0061
             1405.07             -0.0123
              1409.1             -0.0165
             1413.14             -0.0196