#                      Published-Value
#      Spectral-axis           Intensity
#             [km/s]               [Jy] 
              3293.5           0.003519
              3288.3          -0.001990
                3283          -0.000528
              3277.7           0.001848
              3272.5           0.000722
              3267.2           0.001081
              3261.9           0.001104
              3256.7          -0.000508
              3251.4           0.000775
              3246.1           0.002266
              3240.9          -0.000836
              3235.6          -0.001990
              3230.3          -0.002386
              3225.1          -0.001845
              3219.8          -0.001047
              3214.6          -0.001480
              3209.3           0.000132
                3204           0.004378
              3198.8           0.003732
              3193.5          -0.001054
              3188.2          -0.004950
                3183          -0.003607
              3177.7          -0.001197
              3172.4          -0.001941
              3167.2           0.000483
              3161.9           0.006805
              3156.7           0.005823
              3151.4           0.000379
              3146.1          -0.000035
              3140.9           0.002531
              3135.6           0.001938
              3130.4          -0.001268
              3125.1          -0.001592
              3119.8          -0.002626
              3114.6          -0.006033
              3109.3          -0.002822
                3104          -0.000896
              3098.8          -0.004102
              3093.5          -0.004255
              3088.3          -0.001633
                3083          -0.002062
              3077.8          -0.001754
              3072.5           0.002030
              3067.2           0.003796
                3062           0.001695
              3056.7           0.001584
              3051.5           0.000333
              3046.2          -0.002638
              3040.9          -0.001078
              3035.7           0.002321
              3030.4           0.001675
              3025.2           0.002689
              3019.9           0.004540
              3014.7           0.004295
              3009.4           0.002988
              3004.1           0.000848
              2998.9          -0.001695
              2993.6          -0.003053
              2988.4          -0.000170
              2983.1           0.001513
              2977.9          -0.002273
              2972.6          -0.001615
              2967.3           0.003016
              2962.1           0.004273
              2956.8           0.002809
              2951.6           0.001297
              2946.3          -0.000875
              2941.1          -0.000905
              2935.8           0.000936
              2930.6           0.001273
              2925.3          -0.000546
              2920.1          -0.000605
              2914.8           0.000574
              2909.5           0.001967
              2904.3           0.001421
                2899           0.000169
              2893.8          -0.001699
              2888.5          -0.002374
              2883.3           0.000121
                2878           0.000881
              2872.8          -0.001205
              2867.5          -0.001935
              2862.3          -0.002162
                2857          -0.000768
              2851.8           0.003012
              2846.5           0.006081
              2841.3           0.003552
                2836           0.001478
              2830.8           0.002041
              2825.5          -0.000077
              2820.3          -0.002477
                2815          -0.002507
              2809.8          -0.003194
              2804.5          -0.002499
              2799.3           0.000281
                2794           0.001187
              2788.8          -0.000576
              2783.5           0.000499
              2778.3           0.001447
                2773          -0.000008
              2767.8          -0.000164
              2762.5          -0.001663
              2757.3          -0.004629
                2752          -0.002793
              2746.8           0.000414
              2741.5           0.001543
              2736.3           0.000888
                2731           0.001376
              2725.8           0.000912
              2720.5           0.000532
              2715.3           0.000355
              2710.1          -0.001585
              2704.8          -0.004828
              2699.6          -0.006476
              2694.3          -0.005267
              2689.1          -0.003628
              2683.8          -0.003177
              2678.6          -0.000752
              2673.3           0.003243
              2668.1           0.003320
              2662.8           0.000262
              2657.6           0.002945
              2652.4           0.004370
              2647.1           0.000480
              2641.9          -0.001889
              2636.6          -0.001834
              2631.4          -0.003435
              2626.1          -0.004048
              2620.9          -0.001517
              2615.6           0.000734
              2610.4           0.000445
              2605.2           0.001471
              2599.9           0.003960
              2594.7           0.001248
              2589.4          -0.002940
              2584.2          -0.000891
              2578.9           0.000863
              2573.7           0.000475
              2568.5          -0.000445
              2563.2          -0.000503
                2558           0.000525
              2552.7          -0.000384
              2547.5          -0.001837
              2542.3          -0.000030
                2537           0.002696
              2531.8           0.003547
              2526.5           0.001738
              2521.3           0.001145
              2516.1          -0.000963
              2510.8           0.000117
              2505.6           0.003936
              2500.3           0.001626
              2495.1           0.000580
              2489.9           0.004648
              2484.6           0.001566
              2479.4          -0.001721
              2474.1           0.001465
              2468.9           0.001962
              2463.7          -0.001017
              2458.4          -0.001573
              2453.2          -0.000711
                2448          -0.000721
              2442.7          -0.003268
              2437.5          -0.003028
              2432.2          -0.000799
                2427           0.000137
              2421.8          -0.000918
              2416.5          -0.001427
              2411.3           0.000321
              2406.1           0.002087
              2400.8           0.001253
              2395.6          -0.002633
              2390.4          -0.003466
              2385.1           0.000892
              2379.9           0.000385
              2374.7          -0.002031
              2369.4          -0.001365
              2364.2           0.000770
              2358.9          -0.000007
              2353.7          -0.002679
              2348.5           0.000300
              2343.2           0.003909
                2338           0.001367
              2332.8          -0.000154
              2327.5           0.000915
              2322.3           0.004993
              2317.1           0.006672
              2311.8           0.002192
              2306.6           0.000042
              2301.4           0.002353
              2296.2          -0.001138
              2290.9          -0.007194
              2285.7          -0.004222
              2280.5           0.005208
              2275.2           0.006897
                2270           0.002433
              2264.8           0.003680
              2259.5           0.003425
              2254.3           0.002365
              2249.1           0.002804
              2243.8           0.001767
              2238.6           0.001308
              2233.4           0.000987
              2228.1          -0.001932
              2222.9          -0.005876
              2217.7          -0.005411
              2212.5           0.001038
              2207.2           0.007570
                2202           0.012320
              2196.8           0.010489
              2191.5           0.002219
              2186.3          -0.004466
              2181.1          -0.005148
              2175.9           0.002923
              2170.6          -0.004199
              2165.4           0.003110
              2160.2           0.004768
                2155          -0.004026
              2149.7          -0.001722
              2144.5           0.015721
              2139.3           0.016179
                2134           0.013045
              2128.8           0.004567
              2123.6           0.008841
              2118.4           0.004709
              2113.1           0.000445
              2107.9           0.004382
              2102.7           0.005068
              2097.5           0.001149
              2092.2           0.002151
                2087           0.000017
              2081.8          -0.000498
              2076.6          -0.000421
              2071.3           0.000759
              2066.1           0.001071
              2060.9          -0.002832
              2055.7          -0.001005
              2050.4           0.000069
              2045.2           0.002438
                2040           0.004302
              2034.8           0.004168
              2029.5           0.003217
              2024.3           0.002104
              2019.1           0.002448
              2013.9           0.002523
              2008.7           0.001891
              2003.4           0.002264
              1998.2           0.004887
                1993           0.005836
              1987.8           0.004362
              1982.6          -0.000881
              1977.3          -0.004923
              1972.1          -0.002331
              1966.9           0.000670
              1961.7           0.000387
              1956.4          -0.002151
              1951.2          -0.003748
                1946          -0.001463
              1940.8           0.000311
              1935.6          -0.000280
              1930.3          -0.002214
              1925.1           0.000118
              1919.9           0.002071
              1914.7           0.001894
              1909.5           0.001503
              1904.3           0.001877
                1899           0.000636
              1893.8           0.001090
              1888.6           0.004122
              1883.4           0.001504
              1878.2          -0.003953
              1872.9          -0.001559
              1867.7           0.003086
              1862.5           0.003316
              1857.3           0.000384
              1852.1           0.001110
              1846.9           0.002166
              1841.6           0.000596
              1836.4           0.001975
              1831.2           0.004540
                1826           0.006014
              1820.8           0.004826
              1815.6          -0.002161
              1810.3          -0.003814
              1805.1          -0.000819
              1799.9           0.000363
              1794.7           0.000970
              1789.5           0.000561
              1784.3          -0.003354
              1779.1          -0.005920
              1773.8          -0.003677
              1768.6           0.001551
              1763.4           0.003463
              1758.2           0.003315
                1753           0.002095
              1747.8           0.001767
              1742.6           0.002829
              1737.4           0.000340
              1732.1          -0.001232
              1726.9           0.002980
              1721.7           0.004814
              1716.5           0.001408
              1711.3          -0.003394
              1706.1          -0.003831
              1700.9          -0.002935
              1695.7          -0.002928
              1690.4          -0.003626
              1685.2          -0.001135
                1680           0.001650
              1674.8           0.001294
              1669.6           0.001758
              1664.4           0.004185
              1659.2           0.002570
                1654          -0.001628
              1648.8          -0.003610
              1643.6          -0.003136
              1638.3          -0.005855
              1633.1          -0.008610
              1627.9          -0.005964
              1622.7           0.000252
              1617.5          -0.000220
              1612.3          -0.002046
              1607.1           0.001155
              1601.9           0.003850
              1596.7           0.001956
              1591.5          -0.003269
              1586.3          -0.008018
              1581.1          -0.003393
              1575.8           0.000292
              1570.6          -0.000662
              1565.4           0.000453
              1560.2          -0.000641
                1555          -0.001156
              1549.8           0.001385
              1544.6          -0.000003
              1539.4          -0.001931
              1534.2          -0.002150
                1529          -0.002216
              1523.8          -0.002656
              1518.6          -0.000795
              1513.4           0.000016
              1508.2           0.000106
                1503           0.001605
              1497.8           0.002067
              1492.6          -0.002264
              1487.3          -0.002164
              1482.1           0.002359
              1476.9           0.004162
              1471.7           0.003461
              1466.5           0.003253
              1461.3           0.003939
              1456.1           0.003032
              1450.9           0.001290
              1445.7           0.003353
              1440.5           0.002271
              1435.3          -0.001812
              1430.1          -0.001444
              1424.9           0.000450
              1419.7          -0.002217
              1414.5          -0.005274
              1409.3          -0.006008
              1404.1          -0.002807
              1398.9          -0.002870
              1393.7          -0.006348
              1388.5          -0.007078
              1383.3          -0.002575
              1378.1           0.000979
              1372.9           0.000653
              1367.7           0.000618
              1362.5           0.000517
              1357.3          -0.001979
              1352.1          -0.000897
              1346.9          -0.001291
              1341.7          -0.002930
              1336.5          -0.000798
              1331.3          -0.000840
              1326.1          -0.002218
              1320.9          -0.000214
              1315.7          -0.001508
              1310.5          -0.000490
              1305.3           0.004293
              1300.1           0.007059
              1294.9           0.004798
              1289.7           0.000786
              1284.5           0.001967
              1279.3           0.006543
              1274.1           0.005163
              1268.9          -0.000381
              1263.7          -0.002424
              1258.5           0.001723
              1253.3           0.005454
              1248.1           0.005319
                1243           0.001361
              1237.8           0.000283
              1232.6           0.002835
              1227.4           0.003312
              1222.2           0.002059
                1217           0.003639
              1211.8           0.005026
              1206.6           0.003383
              1201.4           0.001853
              1196.2           0.002682
                1191           0.001061
              1185.8          -0.000732
              1180.6          -0.000045
              1175.4           0.001455
              1170.2           0.000984
                1165           0.002014
              1159.8           0.002903
              1154.7           0.001755
              1149.5           0.001012
              1144.3           0.000739
              1139.1          -0.002241
              1133.9          -0.001543
              1128.7          -0.001259
              1123.5          -0.003927
              1118.3          -0.003599
              1113.1          -0.001440
              1107.9          -0.001599
              1102.7          -0.002667
              1097.5          -0.004093
              1092.4          -0.003943
              1087.2          -0.002981
                1082          -0.001715
              1076.8          -0.001148
              1071.6          -0.000390
              1066.4          -0.000646
              1061.2           0.000034
                1056           0.001275
              1050.8           0.002333
              1045.6           0.001731
              1040.5           0.000431
              1035.3          -0.001952
              1030.1          -0.003533
              1024.9          -0.002631
              1019.7          -0.003172
              1014.5          -0.005605
              1009.3          -0.002213
              1004.1           0.001968
                 999           0.001624
               993.8          -0.002516
               988.6          -0.004953
               983.4          -0.003387
               978.2           0.000247
                 973           0.004053
               967.8           0.006140
               962.6           0.002990
               957.5          -0.001132
               952.3          -0.005297
               947.1          -0.004521
               941.9          -0.001181
               936.7           0.003075
               931.5           0.011638
               926.3           0.026049
               921.2           0.053293
                 916           0.115164
               910.8           0.210609
               905.6           0.300600
               900.4           0.338065
               895.2           0.323483
               890.1           0.286913
               884.9           0.250802
               879.7           0.219704
               874.5           0.201173
               869.3           0.192474
               864.1           0.186064
                 859           0.177832
               853.8           0.168901
               848.6           0.161106
               843.4           0.153579
               838.2           0.147313
               833.1           0.146108
               827.9           0.144069
               822.7           0.139411
               817.5           0.135389
               812.3           0.133197
               807.1           0.131682
                 802           0.133194
               796.8           0.134715
               791.6           0.131809
               786.4           0.125829
               781.2           0.127944
               776.1           0.131673
               770.9           0.131842
               765.7           0.135167
               760.5           0.139009
               755.4           0.141779
               750.2           0.144952
                 745           0.143829
               739.8           0.144194
               734.6           0.142373
               729.5           0.138021
               724.3           0.137519
               719.1           0.141400
               713.9           0.148401
               708.7           0.157425
               703.6           0.162961
               698.4           0.172162
               693.2           0.184440
                 688           0.196556
               682.9           0.209345
               677.7           0.224942
               672.5           0.242551
               667.3           0.262816
               662.2           0.290741
                 657           0.315734
               651.8           0.295459
               646.6           0.223019
               641.5           0.136104
               636.3           0.068790
               631.1           0.031663
               625.9           0.014372
               620.8           0.004521
               615.6          -0.002527
               610.4          -0.005447
               605.2          -0.001049
               600.1           0.002546
               594.9           0.002797
               589.7           0.000888
               584.5           0.000581
               579.4           0.001733
               574.2          -0.000077
                 569          -0.001141
               563.9           0.003045
               558.7           0.003275
               553.5           0.001346
               548.3           0.001696
               543.2           0.002901
                 538          -0.000470
               532.8          -0.004767
               527.7          -0.004426
               522.5          -0.000768
               517.3          -0.000639
               512.1          -0.003810
                 507          -0.005505
               501.8          -0.004452
               496.6          -0.002249
               491.5           0.002455
               486.3           0.003999
               481.1           0.003013
                 476          -0.000533
               470.8          -0.003600
               465.6          -0.003133
               460.4          -0.000913
               455.3           0.001229
               450.1           0.003576
               444.9           0.002591
               439.8           0.002064
               434.6           0.001522
               429.4           0.000311
               424.3          -0.000639
               419.1          -0.001969
               413.9          -0.002839
               408.8           0.000177
               403.6           0.001279
               398.4           0.000760
               393.3           0.001619
               388.1           0.001287
               382.9          -0.000855
               377.8           0.001120
               372.6           0.001547
               367.4           0.001983
               362.3           0.002208
               357.1           0.002881
               351.9           0.002682
               346.8           0.002229
               341.6           0.003010
               336.4           0.000368
               331.3          -0.001832
               326.1           0.000056
                 321           0.000748
               315.8           0.002613
               310.6           0.002909
               305.5           0.003424
               300.3           0.003668
               295.1           0.001944
                 290           0.000705
               284.8           0.002025
               279.6          -0.001391
               274.5          -0.005801
               269.3          -0.004494
               264.2           0.000433
                 259           0.001718
               253.8           0.000511
               248.7           0.001197
               243.5           0.003032
               238.4           0.001638
               233.2           0.000381
                 228           0.000219
               222.9           0.003507
               217.7           0.006409
               212.6           0.005779
               207.4           0.002538
               202.2           0.000293
               197.1           0.001651
               191.9           0.003779
               186.8           0.000308
               181.6          -0.003381
               176.4          -0.003377
               171.3          -0.001910
               166.1          -0.001992
                 161           0.000247
               155.8           0.001229
               150.6          -0.000086
               145.5          -0.001829
               140.3          -0.001149
               135.2           0.004505
                 130           0.005369
               124.9           0.004796
               119.7           0.004977
               114.5           0.011884
               109.4           0.011999
               104.2           0.009970
                99.1           0.007437
                93.9           0.007029
                88.8           0.006370
                83.6           0.008800
                78.4           0.009587
                73.3           0.009916
                68.1           0.014102
                  63           0.025714
                57.8           0.037561
                52.7           0.043903
                47.5           0.046850
                42.4           0.053954
                37.2           0.057000
                32.1           0.061690
                26.9           0.082041
                21.7           0.135078
                16.6           0.228613
                11.4           0.411848
                 6.3           0.842801
                 1.1           1.904999
                  -4           3.024088
                -9.2           3.018711
               -14.3           1.859418
               -19.5           0.903385
               -24.6           0.486023
               -29.8           0.301172
               -34.9           0.166292
               -40.1           0.102257
               -45.2           0.066659
               -50.4           0.045911
               -55.5           0.034026
               -60.7           0.028371
               -65.8           0.020240
                 -71           0.013419
               -76.1           0.012010
               -81.3           0.014131
               -86.4           0.010540
               -91.6          -0.002095
               -96.7          -0.000146
              -101.9           0.003719
                -107           0.004350
              -112.2          -0.000626
              -117.3          -0.003078
              -122.5          -0.002728
              -127.6          -0.002486
              -132.8          -0.003950
              -137.9          -0.005117
              -143.1          -0.003951
              -148.2           0.002502
              -153.4           0.004990
              -158.5           0.002630
              -163.7           0.004307
              -168.8           0.005857
                -174           0.000928
              -179.1           0.000086
              -184.3           0.000543
              -189.4          -0.003454
              -194.5          -0.006331
              -199.7          -0.001762
              -204.8           0.001828
                -210           0.001569
              -215.1          -0.001435
              -220.3          -0.003062
              -225.4          -0.003442
              -230.6          -0.002194
              -235.7          -0.000123
              -240.9          -0.001223
                -246          -0.003319
              -251.1          -0.000107
              -256.3           0.001104
              -261.4          -0.001064
              -266.6          -0.003824
              -271.7          -0.002947
              -276.9          -0.001516
                -282           0.000544
              -287.2          -0.000420
              -292.3          -0.003530
              -297.4          -0.004723
              -302.6          -0.006913
              -307.7          -0.009163
              -312.9          -0.004278
                -318          -0.000852
              -323.1          -0.000537
              -328.3          -0.002526
              -333.4          -0.003563
              -338.6          -0.002252
              -343.7           0.000576
              -348.9           0.001159
                -354           0.001527
              -359.1           0.001060
              -364.3          -0.000818
              -369.4          -0.001669
              -374.6           0.000987
              -379.7           0.000142
              -384.8          -0.001110
                -390          -0.001611
              -395.1          -0.002719
              -400.3          -0.000511
              -405.4           0.002358
              -410.5           0.000886
              -415.7          -0.000300
              -420.8          -0.001175
              -425.9          -0.000832
              -431.1          -0.001656
              -436.2           0.000222
              -441.4           0.000593
              -446.5          -0.003407
              -451.6          -0.004410
              -456.8           0.000660
              -461.9           0.001376
                -467           0.001089
              -472.2           0.003809
              -477.3           0.006536
              -482.5           0.003973
              -487.6           0.000395
              -492.7          -0.000862
              -497.9          -0.001633
                -503          -0.003666
              -508.1           0.001440
              -513.3           0.006543
              -518.4           0.005398
              -523.5           0.002181
              -528.7           0.000862
              -533.8           0.001641
              -538.9           0.001584
              -544.1          -0.003090
              -549.2          -0.002822
              -554.3           0.001352
              -559.5           0.003276
              -564.6           0.003035
              -569.7           0.004743
              -574.9           0.002923
                -580           0.000613
              -585.1           0.001193
              -590.3           0.000361
              -595.4          -0.002430
              -600.5           0.000653
              -605.7           0.004796
              -610.8           0.005008
              -615.9           0.002959
              -621.1           0.003658
              -626.2           0.002376
              -631.3          -0.000538
              -636.5          -0.004868
              -641.6          -0.006182
              -646.7          -0.005052
              -651.9          -0.000846
                -657           0.003333
              -662.1           0.005073
              -667.2           0.003608
              -672.4           0.002503
              -677.5           0.001433
              -682.6           0.002924
              -687.8           0.002050
              -692.9          -0.002031
                -698          -0.003047
              -703.2          -0.000258
              -708.3           0.000630
              -713.4          -0.000834
              -718.5          -0.000332
              -723.7           0.003670
              -728.8           0.001322
              -733.9          -0.000427
              -739.1           0.001272
              -744.2           0.000777
              -749.3          -0.001892
              -754.4           0.001442
              -759.6           0.004934
              -764.7           0.005045
              -769.8           0.003895
              -774.9           0.004281
              -780.1           0.001875
              -785.2          -0.002329
              -790.3          -0.005345
              -795.4          -0.003458
              -800.6           0.000835
              -805.7           0.004565
              -810.8           0.005328
              -815.9           0.004985
              -821.1          -0.002083
              -826.2          -0.005380
              -831.3          -0.002521
              -836.4          -0.001518
              -841.6          -0.001373
              -846.7           0.001884
              -851.8           0.000148
              -856.9          -0.003681
              -862.1          -0.006178
              -867.2          -0.003781
              -872.3           0.002027
              -877.4           0.003329
              -882.6          -0.003018
              -887.7          -0.001252
              -892.8           0.003489
              -897.9           0.002459
                -903           0.002850
              -908.2           0.005189
              -913.3           0.000675
              -918.4          -0.001978
              -923.5          -0.001672
              -928.6           0.000567
              -933.8           0.001883
              -938.9           0.000468
                -944          -0.001200
              -949.1           0.000150
              -954.3          -0.002274
              -959.4          -0.004066
              -964.5          -0.003391
              -969.6          -0.000713
              -974.7           0.004039
              -979.8           0.007899
                -985           0.005351
              -990.1           0.002183
              -995.2          -0.002185
             -1000.3          -0.004959
             -1005.4          -0.002953
             -1010.6           0.001743
             -1015.7           0.000779
             -1020.8           0.000170
             -1025.9           0.000009
               -1031          -0.000834
             -1036.1          -0.004044
             -1041.3          -0.003952
             -1046.4          -0.004454
             -1051.5          -0.004083
             -1056.6          -0.000372
             -1061.7           0.003902
             -1066.9           0.004486
               -1072           0.003520
             -1077.1          -0.001582
             -1082.2          -0.005026
             -1087.3          -0.006042
             -1092.4          -0.005961
             -1097.5          -0.008469
             -1102.7          -0.007250
             -1107.8          -0.003954
             -1112.9          -0.001070
               -1118          -0.000704
             -1123.1           0.000745
             -1128.2           0.001054
             -1133.3           0.000236
             -1138.5          -0.000718
             -1143.6          -0.001057
             -1148.7          -0.001931
             -1153.8           0.003111
             -1158.9           0.005999
               -1164           0.004192
             -1169.1           0.002986
             -1174.3           0.005072
             -1179.4           0.002476
             -1184.5          -0.000829
             -1189.6          -0.001654
             -1194.7           0.001597
             -1199.8           0.002978
             -1204.9          -0.000482
               -1210          -0.006666
             -1215.1          -0.006898
             -1220.3          -0.005100
             -1225.4          -0.003429
             -1230.5          -0.003245
             -1235.6          -0.002295
             -1240.7          -0.002663
             -1245.8          -0.000931
             -1250.9           0.002440
               -1256           0.006061
             -1261.1           0.003912
             -1266.3           0.000768
             -1271.4          -0.002911
             -1276.5          -0.005216
             -1281.6          -0.004261
             -1286.7          -0.000791
             -1291.8          -0.000207
             -1296.9           0.001834
               -1302           0.000646
             -1307.1          -0.000605
             -1312.2           0.000920
             -1317.3           0.004879
             -1322.4           0.003744
             -1327.6           0.000793
             -1332.7          -0.000765
             -1337.8           0.000602
             -1342.9          -0.001518
               -1348          -0.002706
             -1353.1           0.002397
             -1358.2           0.004663
             -1363.3           0.000619
             -1368.4           0.000092
             -1373.5          -0.003268
             -1378.6          -0.002718
             -1383.7           0.001102
             -1388.8           0.003233
             -1393.9           0.001440
               -1399           0.000267
             -1404.1           0.000108
             -1409.2           0.002827
             -1414.4           0.004522
             -1419.5           0.004612
             -1424.6           0.000879
             -1429.7          -0.001077
             -1434.8          -0.003232
             -1439.9          -0.002130
               -1445           0.002190
             -1450.1           0.005757
             -1455.2           0.003874
             -1460.3           0.003732
             -1465.4           0.004325
             -1470.5           0.002717
             -1475.6          -0.002623
             -1480.7          -0.003061
             -1485.8          -0.001531
             -1490.9           0.000388
               -1496          -0.000652
             -1501.1          -0.003733
             -1506.2          -0.007601
             -1511.3          -0.005724
             -1516.4          -0.003657
             -1521.5           0.000107
             -1526.6           0.003205
             -1531.7           0.004273
             -1536.8          -0.000331
             -1541.9          -0.002384
               -1547           0.000333
             -1552.1           0.004514
             -1557.2           0.003147
             -1562.3           0.004022
             -1567.4           0.002443
             -1572.5           0.001648
             -1577.6           0.003576
             -1582.7           0.006353
             -1587.8           0.003675
             -1592.9           0.001714
               -1598          -0.001538
             -1603.1          -0.002322
             -1608.2          -0.000602
             -1613.3           0.001222
             -1618.4          -0.001171
             -1623.5          -0.000351
             -1628.6          -0.001520
             -1633.7          -0.002173
             -1638.8          -0.006862
             -1643.9          -0.006479
               -1649          -0.006497
             -1654.1          -0.006549
             -1659.2          -0.007297
             -1664.3          -0.001052
             -1669.4           0.000441
             -1674.4           0.001829
             -1679.5          -0.000688
             -1684.6          -0.000833
             -1689.7          -0.001022
             -1694.8           0.001809
             -1699.9           0.002364
               -1705           0.003854
             -1710.1           0.003092
             -1715.2           0.004276
             -1720.3           0.000286
             -1725.4           0.000807
             -1730.5           0.000993
             -1735.6           0.003083
             -1740.7          -0.000032
             -1745.8          -0.000594
             -1750.9          -0.002140
               -1756          -0.001569
               -1761           0.003981
             -1766.1           0.002624
             -1771.2          -0.000979
             -1776.3           0.002179
             -1781.4           0.001438
             -1786.5          -0.004263
             -1791.6          -0.003782
             -1796.7          -0.000752
             -1801.8           0.003666
             -1806.9           0.001870
               -1812          -0.001857
             -1817.1          -0.004910
             -1822.1          -0.005058
             -1827.2          -0.000011
             -1832.3           0.003680
             -1837.4           0.003148
             -1842.5           0.001948
             -1847.6          -0.005090
             -1852.7          -0.008784
             -1857.8          -0.006952
             -1862.9          -0.003337
             -1867.9          -0.003306
               -1873          -0.010224
             -1878.1          -0.009472
             -1883.2           0.003170
             -1888.3           0.007949
             -1893.4           0.005943
             -1898.5           0.003299
             -1903.6           0.003247
             -1908.7           0.007259
             -1913.7           0.006932
             -1918.8           0.004563
             -1923.9           0.006823
               -1929           0.005518
             -1934.1           0.002455
             -1939.2           0.000561
             -1944.3           0.003551
             -1949.3           0.012126
             -1954.4           0.015360
             -1959.5           0.009175
             -1964.6           0.007003
             -1969.7           0.009764
             -1974.8           0.010094
             -1979.9           0.007670
             -1984.9           0.006477
               -1990           0.005990
             -1995.1           0.003789
             -2000.2           0.006547