#                      Published-Value
#      Spectral-axis           Intensity
#             [km/s]               [Jy] 
              3293.5           0.002554
              3288.3           0.001396
                3283          -0.001188
              3277.7          -0.001154
              3272.5           0.001803
              3267.2           0.000361
              3261.9          -0.003467
              3256.7          -0.004138
              3251.4          -0.001280
              3246.1           0.002036
              3240.9           0.006124
              3235.6           0.006028
              3230.3           0.001249
              3225.1          -0.000033
              3219.8           0.000205
              3214.6           0.000875
              3209.3           0.000946
                3204          -0.001037
              3198.8           0.000128
              3193.5           0.003466
              3188.2           0.002307
                3183           0.001755
              3177.7           0.005789
              3172.4           0.005307
              3167.2           0.002875
              3161.9           0.002610
              3156.7           0.002208
              3151.4           0.000861
              3146.1          -0.002364
              3140.9          -0.004754
              3135.6          -0.004184
              3130.4          -0.001729
              3125.1          -0.002755
              3119.8          -0.004151
              3114.6           0.000086
              3109.3           0.002008
                3104           0.000075
              3098.8           0.001737
              3093.5           0.002867
              3088.3          -0.001269
                3083          -0.003161
              3077.8          -0.001280
              3072.5          -0.002168
              3067.2          -0.005594
                3062          -0.005377
              3056.7          -0.001472
              3051.5           0.000268
              3046.2           0.000905
              3040.9          -0.000131
              3035.7          -0.002769
              3030.4          -0.003192
              3025.2           0.000298
              3019.9           0.000009
              3014.7          -0.001888
              3009.4          -0.000112
              3004.1          -0.000728
              2998.9          -0.001331
              2993.6           0.001723
              2988.4           0.002003
              2983.1          -0.000704
              2977.9           0.001002
              2972.6           0.003769
              2967.3           0.003683
              2962.1           0.002292
              2956.8           0.000445
              2951.6           0.000916
              2946.3           0.004192
              2941.1           0.004210
              2935.8           0.004000
              2930.6           0.005353
              2925.3           0.004852
              2920.1           0.000041
              2914.8          -0.003136
              2909.5          -0.001661
              2904.3          -0.001771
                2899          -0.001572
              2893.8           0.000825
              2888.5           0.002178
              2883.3          -0.000206
                2878          -0.003580
              2872.8          -0.003090
              2867.5          -0.003065
              2862.3          -0.003231
                2857          -0.002312
              2851.8          -0.002527
              2846.5          -0.003712
              2841.3          -0.003406
                2836          -0.000737
              2830.8          -0.002569
              2825.5          -0.006162
              2820.3          -0.005063
                2815          -0.003642
              2809.8          -0.004005
              2804.5          -0.000408
              2799.3           0.004954
                2794           0.006495
              2788.8           0.002242
              2783.5          -0.006640
              2778.3          -0.011347
                2773          -0.009628
              2767.8          -0.006403
              2762.5          -0.001664
              2757.3          -0.001081
                2752          -0.005161
              2746.8          -0.004599
              2741.5          -0.001331
              2736.3           0.000391
                2731           0.001531
              2725.8           0.000206
              2720.5          -0.001289
              2715.3           0.000386
              2710.1           0.001485
              2704.8          -0.000379
              2699.6          -0.001396
              2694.3           0.000367
              2689.1          -0.002704
              2683.8          -0.005505
              2678.6          -0.003426
              2673.3          -0.000945
              2668.1           0.003631
              2662.8           0.004680
              2657.6          -0.000491
              2652.4          -0.002231
              2647.1           0.001378
              2641.9           0.001630
              2636.6          -0.003177
              2631.4          -0.005201
              2626.1          -0.004120
              2620.9          -0.003262
              2615.6          -0.002784
              2610.4          -0.000093
              2605.2           0.001891
              2599.9           0.001308
              2594.7           0.002121
              2589.4           0.000456
              2584.2           0.000699
              2578.9           0.005590
              2573.7           0.005255
              2568.5           0.003523
              2563.2           0.003539
                2558           0.001063
              2552.7          -0.000575
              2547.5           0.001341
              2542.3           0.002122
                2537          -0.000153
              2531.8          -0.002298
              2526.5          -0.002139
              2521.3          -0.003638
              2516.1          -0.002544
              2510.8           0.002698
              2505.6           0.005620
              2500.3           0.003348
              2495.1           0.002818
              2489.9           0.007710
              2484.6           0.009715
              2479.4           0.003566
              2474.1          -0.001733
              2468.9          -0.005001
              2463.7          -0.004506
              2458.4           0.000105
              2453.2           0.002011
                2448          -0.001472
              2442.7          -0.002455
              2437.5          -0.000526
              2432.2           0.001518
                2427           0.002402
              2421.8           0.002884
              2416.5           0.002684
              2411.3           0.002092
              2406.1           0.004660
              2400.8           0.005253
              2395.6           0.000507
              2390.4          -0.002540
              2385.1          -0.001740
              2379.9          -0.001488
              2374.7          -0.002765
              2369.4          -0.001050
              2364.2           0.001609
              2358.9           0.001205
              2353.7          -0.001547
              2348.5          -0.001138
              2343.2           0.002094
                2338          -0.000653
              2332.8          -0.003746
              2327.5          -0.002092
              2322.3          -0.001486
              2317.1           0.001360
              2311.8           0.006363
              2306.6           0.009258
              2301.4           0.007599
              2296.2           0.001780
              2290.9          -0.001996
              2285.7           0.000513
              2280.5           0.004483
              2275.2           0.005924
                2270           0.005546
              2264.8           0.002344
              2259.5          -0.000001
              2254.3           0.002916
              2249.1           0.005889
              2243.8           0.001573
              2238.6          -0.002476
              2233.4          -0.000802
              2228.1          -0.000486
              2222.9          -0.001647
              2217.7          -0.000198
              2212.5           0.000607
              2207.2          -0.001550
                2202          -0.000474
              2196.8           0.001390
              2191.5          -0.000938
              2186.3          -0.000545
              2181.1           0.004353
              2175.9           0.004534
              2170.6           0.001758
              2165.4           0.000089
              2160.2          -0.000763
                2155           0.000449
              2149.7           0.001480
              2144.5           0.000628
              2139.3           0.001662
                2134           0.003549
              2128.8           0.002109
              2123.6           0.000587
              2118.4          -0.000169
              2113.1           0.001407
              2107.9           0.004525
              2102.7           0.001957
              2097.5          -0.001111
              2092.2           0.000568
                2087          -0.003398
              2081.8          -0.004300
              2076.6           0.002208
              2071.3           0.005150
              2066.1           0.005808
              2060.9           0.003088
              2055.7          -0.001423
              2050.4          -0.002145
              2045.2          -0.001395
                2040          -0.000323
              2034.8          -0.001569
              2029.5          -0.005440
              2024.3          -0.004570
              2019.1           0.001621
              2013.9           0.003667
              2008.7           0.001112
              2003.4           0.000613
              1998.2           0.002257
                1993           0.000148
              1987.8          -0.004439
              1982.6          -0.003488
              1977.3           0.000716
              1972.1           0.002891
              1966.9           0.000779
              1961.7          -0.000098
              1956.4           0.002566
              1951.2           0.005187
                1946           0.005081
              1940.8           0.002855
              1935.6          -0.002135
              1930.3          -0.004354
              1925.1          -0.002178
              1919.9           0.000106
              1914.7           0.004071
              1909.5           0.008565
              1904.3           0.003968
                1899          -0.004290
              1893.8          -0.003748
              1888.6           0.001956
              1883.4           0.002659
              1878.2           0.000246
              1872.9           0.001382
              1867.7           0.001653
              1862.5          -0.001417
              1857.3          -0.001855
              1852.1          -0.001349
              1846.9          -0.000506
              1841.6           0.002303
              1836.4           0.006082
              1831.2           0.002258
                1826          -0.005328
              1820.8          -0.004750
              1815.6          -0.002326
              1810.3          -0.001598
              1805.1          -0.001409
              1799.9          -0.004670
              1794.7          -0.003131
              1789.5           0.003915
              1784.3           0.004784
              1779.1           0.000059
              1773.8          -0.003981
              1768.6          -0.004719
              1763.4          -0.000417
              1758.2           0.000882
                1753          -0.000454
              1747.8           0.001941
              1742.6           0.001715
              1737.4          -0.002714
              1732.1          -0.005490
              1726.9          -0.006216
              1721.7          -0.006552
              1716.5          -0.006106
              1711.3          -0.004601
              1706.1          -0.003440
              1700.9          -0.003067
              1695.7          -0.004364
              1690.4          -0.003242
              1685.2          -0.001839
                1680          -0.002943
              1674.8          -0.002410
              1669.6          -0.002993
              1664.4          -0.003018
              1659.2           0.001912
                1654           0.004270
              1648.8           0.000844
              1643.6          -0.002656
              1638.3          -0.004200
              1633.1          -0.003553
              1627.9           0.001760
              1622.7           0.002345
              1617.5          -0.003938
              1612.3          -0.004555
              1607.1           0.002422
              1601.9           0.004116
              1596.7          -0.000194
              1591.5          -0.002672
              1586.3          -0.001273
              1581.1           0.001313
              1575.8           0.002179
              1570.6           0.001891
              1565.4           0.000772
              1560.2           0.000443
                1555           0.002079
              1549.8           0.001165
              1544.6           0.000741
              1539.4           0.001998
              1534.2           0.002376
                1529           0.003426
              1523.8           0.001639
              1518.6          -0.002396
              1513.4          -0.003724
              1508.2          -0.001106
                1503           0.002935
              1497.8           0.004589
              1492.6           0.004381
              1487.3           0.003218
              1482.1          -0.000938
              1476.9          -0.001057
              1471.7           0.002581
              1466.5           0.000470
              1461.3          -0.002366
              1456.1           0.000312
              1450.9           0.003924
              1445.7           0.004501
              1440.5           0.000991
              1435.3          -0.001098
              1430.1           0.000039
              1424.9           0.001207
              1419.7           0.002307
              1414.5           0.003186
              1409.3           0.003361
              1404.1           0.002464
              1398.9           0.000986
              1393.7          -0.001433
              1388.5          -0.002176
              1383.3          -0.001270
              1378.1          -0.002508
              1372.9          -0.001091
              1367.7           0.002438
              1362.5          -0.000802
              1357.3          -0.003086
              1352.1          -0.001512
              1346.9          -0.001965
              1341.7          -0.002839
              1336.5          -0.004192
              1331.3          -0.002829
              1326.1          -0.001589
              1320.9          -0.003902
              1315.7          -0.004976
              1310.5          -0.004275
              1305.3          -0.003303
              1300.1          -0.004148
              1294.9          -0.004319
              1289.7          -0.003775
              1284.5          -0.003661
              1279.3          -0.004651
              1274.1          -0.005074
              1268.9          -0.004538
              1263.7          -0.001948
              1258.5           0.002233
              1253.3           0.001905
              1248.1          -0.000772
                1243          -0.000071
              1237.8           0.000447
              1232.6          -0.001877
              1227.4          -0.001718
              1222.2           0.002135
                1217           0.004702
              1211.8           0.002460
              1206.6          -0.001892
              1201.4          -0.003774
              1196.2          -0.003649
                1191           0.000569
              1185.8           0.003340
              1180.6           0.002350
              1175.4           0.001954
              1170.2           0.004790
                1165           0.005008
              1159.8           0.000945
              1154.7           0.003371
              1149.5           0.007903
              1144.3           0.007196
              1139.1           0.005667
              1133.9           0.003667
              1128.7           0.004580
              1123.5           0.006923
              1118.3           0.005735
              1113.1           0.007284
              1107.9           0.015750
              1102.7           0.030610
              1097.5           0.047096
              1092.4           0.072225
              1087.2           0.106110
                1082           0.154700
              1076.8           0.225709
              1071.6           0.313508
              1066.4           0.409989
              1061.2           0.496458
                1056           0.552857
              1050.8           0.574457
              1045.6           0.570915
              1040.5           0.557690
              1035.3           0.548694
              1030.1           0.547552
              1024.9           0.542699
              1019.7           0.531178
              1014.5           0.518514
              1009.3           0.505370
              1004.1           0.488736
                 999           0.468745
               993.8           0.449744
               988.6           0.433240
               983.4           0.418370
               978.2           0.406006
                 973           0.393071
               967.8           0.381918
               962.6           0.377023
               957.5           0.372163
               952.3           0.372462
               947.1           0.372405
               941.9           0.377424
               936.7           0.389453
               931.5           0.395653
               926.3           0.398721
               921.2           0.398710
                 916           0.399209
               910.8           0.398275
               905.6           0.398170
               900.4           0.403617
               895.2           0.402320
               890.1           0.403370
               884.9           0.410106
               879.7           0.400154
               874.5           0.401807
               869.3           0.408056
               864.1           0.405089
                 859           0.392525
               853.8           0.377054
               848.6           0.363660
               843.4           0.376684
               838.2           0.399486
               833.1           0.417272
               827.9           0.442899
               822.7           0.463595
               817.5           0.470160
               812.3           0.474131
               807.1           0.489712
                 802           0.517284
               796.8           0.530130
               791.6           0.538633
               786.4           0.565414
               781.2           0.596421
               776.1           0.611162
               770.9           0.610215
               765.7           0.613999
               760.5           0.620577
               755.4           0.622028
               750.2           0.621721
                 745           0.624698
               739.8           0.642889
               734.6           0.671640
               729.5           0.683729
               724.3           0.650544
               719.1           0.595518
               713.9           0.553241
               708.7           0.531469
               703.6           0.530547
               698.4           0.549471
               693.2           0.571664
                 688           0.596088
               682.9           0.629361
               677.7           0.662791
               672.5           0.676845
               667.3           0.671407
               662.2           0.666415
                 657           0.668706
               651.8           0.666899
               646.6           0.656026
               641.5           0.634065
               636.3           0.599200
               631.1           0.546583
               625.9           0.476276
               620.8           0.392750
               615.6           0.298909
               610.4           0.217948
               605.2           0.160587
               600.1           0.116212
               594.9           0.080123
               589.7           0.058218
               584.5           0.042249
               579.4           0.026432
               574.2           0.014660
                 569           0.007488
               563.9           0.000847
               558.7           0.001776
               553.5           0.004964
               548.3           0.000606
               543.2          -0.000787
                 538           0.001457
               532.8          -0.001182
               527.7          -0.001662
               522.5           0.001250
               517.3           0.003018
               512.1           0.002401
                 507           0.002944
               501.8           0.002823
               496.6           0.003344
               491.5           0.003566
               486.3           0.000434
               481.1           0.002343
                 476           0.004968
               470.8           0.001090
               465.6          -0.001118
               460.4           0.001266
               455.3           0.002170
               450.1           0.002530
               444.9           0.002372
               439.8           0.000414
               434.6          -0.002671
               429.4          -0.003986
               424.3          -0.000556
               419.1          -0.000382
               413.9          -0.004746
               408.8          -0.004097
               403.6          -0.001369
               398.4           0.000905
               393.3           0.002705
               388.1           0.001749
               382.9           0.001646
               377.8           0.004983
               372.6           0.009500
               367.4           0.008795
               362.3           0.005050
               357.1           0.001047
               351.9          -0.002008
               346.8          -0.001185
               341.6           0.001696
               336.4           0.000864
               331.3          -0.000071
               326.1           0.003079
                 321           0.004236
               315.8           0.000646
               310.6          -0.001291
               305.5          -0.000430
               300.3           0.001944
               295.1          -0.001737
                 290          -0.005759
               284.8          -0.003198
               279.6          -0.000710
               274.5           0.000493
               269.3           0.002572
               264.2           0.002143
                 259           0.002327
               253.8           0.001677
               248.7           0.000307
               243.5          -0.000364
               238.4          -0.000061
               233.2           0.002277
                 228           0.004168
               222.9           0.003416
               217.7           0.004148
               212.6           0.005532
               207.4           0.004375
               202.2           0.001832
               197.1           0.001558
               191.9           0.003325
               186.8           0.003427
               181.6           0.003326
               176.4           0.003132
               171.3           0.004564
               166.1           0.005878
                 161           0.004531
               155.8          -0.000001
               150.6          -0.003512
               145.5          -0.000963
               140.3           0.000387
               135.2          -0.001378
                 130          -0.002276
               124.9          -0.001399
               119.7           0.001270
               114.5           0.001936
               109.4          -0.001328
               104.2          -0.005567
                99.1          -0.002816
                93.9           0.004298
                88.8           0.006067
                83.6           0.003600
                78.4           0.010072
                73.3           0.023805
                68.1           0.033678
                  63           0.037857
                57.8           0.038780
                52.7           0.028910
                47.5           0.018194
                42.4           0.018212
                37.2           0.022524
                32.1           0.023715
                26.9           0.024071
                21.7           0.027679
                16.6           0.050570
                11.4           0.170963
                 6.3           0.416726
                 1.1           0.625069
                  -4           0.875263
                -9.2           0.914675
               -14.3           0.814078
               -19.5           0.752029
               -24.6           0.663264
               -29.8           0.583970
               -34.9           0.479195
               -40.1           0.410275
               -45.2           0.367438
               -50.4           0.340377
               -55.5           0.285661
               -60.7           0.203108
               -65.8           0.137016
                 -71           0.091306
               -76.1           0.057603
               -81.3           0.041104
               -86.4           0.033795
               -91.6           0.028241
               -96.7           0.021089
              -101.9           0.013856
                -107           0.012311
              -112.2           0.010147
              -117.3           0.006900
              -122.5           0.005687
              -127.6           0.005437
              -132.8           0.005367
              -137.9           0.005295
              -143.1           0.002771
              -148.2          -0.000470
              -153.4          -0.000165
              -158.5           0.002712
              -163.7           0.004374
              -168.8           0.004125
                -174           0.005461
              -179.1           0.004579
              -184.3           0.004616
              -189.4           0.008254
              -194.5           0.009115
              -199.7           0.006371
              -204.8           0.005896
                -210           0.006708
              -215.1           0.007045
              -220.3           0.007357
              -225.4           0.007045
              -230.6           0.006219
              -235.7           0.004668
              -240.9           0.003997
                -246           0.004315
              -251.1           0.006354
              -256.3           0.008638
              -261.4           0.005800
              -266.6           0.002567
              -271.7           0.000704
              -276.9           0.000125
                -282           0.004112
              -287.2           0.008107
              -292.3           0.005912
              -297.4           0.001632
              -302.6           0.003559
              -307.7           0.006978
              -312.9           0.006463
                -318           0.007257
              -323.1           0.007192
              -328.3           0.004753
              -333.4           0.004773
              -338.6           0.004921
              -343.7           0.003089
              -348.9           0.002655
                -354           0.001418
              -359.1          -0.000758
              -364.3          -0.000474
              -369.4           0.002234
              -374.6           0.001816
              -379.7           0.000130
              -384.8           0.003269
                -390           0.006181
              -395.1           0.006573
              -400.3           0.003130
              -405.4          -0.001901
              -410.5          -0.001618
              -415.7           0.003082
              -420.8           0.005587
              -425.9           0.002181
              -431.1          -0.002027
              -436.2           0.001012
              -441.4           0.006494
              -446.5           0.005054
              -451.6           0.002683
              -456.8           0.003335
              -461.9           0.004224
                -467           0.000357
              -472.2          -0.004903
              -477.3          -0.004804
              -482.5           0.001064
              -487.6           0.002945
              -492.7          -0.001621
              -497.9          -0.005252
                -503          -0.003512
              -508.1           0.000314
              -513.3          -0.001004
              -518.4          -0.003586
              -523.5          -0.001361
              -528.7          -0.001565
              -533.8          -0.004564
              -538.9          -0.004266
              -544.1          -0.005011
              -549.2          -0.006170
              -554.3          -0.004377
              -559.5          -0.002073
              -564.6          -0.000686
              -569.7          -0.000281
              -574.9          -0.000328
                -580          -0.001146
              -585.1          -0.001291
              -590.3          -0.000022
              -595.4          -0.000384
              -600.5          -0.002598
              -605.7          -0.004645
              -610.8          -0.001921
              -615.9           0.000348
              -621.1          -0.001667
              -626.2          -0.002690
              -631.3          -0.001838
              -636.5           0.000627
              -641.6           0.003113
              -646.7           0.002504
              -651.9          -0.001669
                -657          -0.004435
              -662.1          -0.004200
              -667.2          -0.002338
              -672.4          -0.002061
              -677.5          -0.000726
              -682.6           0.000340
              -687.8          -0.000296
              -692.9           0.000681
                -698           0.001350
              -703.2           0.001266
              -708.3           0.000071
              -713.4           0.000809
              -718.5           0.002718
              -723.7           0.002233
              -728.8           0.003299
              -733.9           0.003368
              -739.1          -0.000870
              -744.2          -0.004751
              -749.3          -0.000701
              -754.4           0.003981
              -759.6           0.004906
              -764.7           0.004535
              -769.8           0.003231
              -774.9           0.001658
              -780.1           0.000849
              -785.2          -0.000843
              -790.3          -0.000914
              -795.4           0.001873
              -800.6           0.002740
              -805.7           0.001201
              -810.8           0.001296
              -815.9           0.002820
              -821.1           0.004666
              -826.2           0.005274
              -831.3           0.002371
              -836.4           0.000850
              -841.6           0.002882
              -846.7           0.004709
              -851.8           0.001591
              -856.9          -0.001987
              -862.1           0.000507
              -867.2           0.002184
              -872.3           0.000959
              -877.4          -0.000923
              -882.6          -0.000898
              -887.7           0.002768
              -892.8           0.005108
              -897.9           0.003520
                -903           0.004034
              -908.2           0.004125
              -913.3           0.002976
              -918.4           0.003759
              -923.5           0.002872
              -928.6           0.000364
              -933.8          -0.000051
              -938.9           0.000794
                -944          -0.000557
              -949.1          -0.002393
              -954.3          -0.000251
              -959.4           0.002230
              -964.5           0.000121
              -969.6          -0.004452
              -974.7          -0.004817
              -979.8          -0.000845
                -985           0.002136
              -990.1           0.001595
              -995.2          -0.000214
             -1000.3          -0.001935
             -1005.4           0.000403
             -1010.6           0.001173
             -1015.7          -0.001394
             -1020.8          -0.002092
             -1025.9          -0.000729
               -1031           0.000857
             -1036.1           0.002129
             -1041.3          -0.000896
             -1046.4          -0.002747
             -1051.5          -0.000895
             -1056.6           0.001365
             -1061.7          -0.000221
             -1066.9           0.000027
               -1072           0.004876
             -1077.1           0.003321
             -1082.2          -0.003732
             -1087.3          -0.006217
             -1092.4          -0.006290
             -1097.5          -0.001939
             -1102.7           0.003230
             -1107.8           0.002007
             -1112.9          -0.004042
               -1118          -0.005693
             -1123.1          -0.001433
             -1128.2           0.001938
             -1133.3           0.001431
             -1138.5          -0.000692
             -1143.6          -0.001898
             -1148.7          -0.001672
             -1153.8          -0.001186
             -1158.9           0.000221
               -1164           0.003982
             -1169.1           0.005957
             -1174.3           0.002508
             -1179.4          -0.001758
             -1184.5          -0.003657
             -1189.6          -0.002592
             -1194.7          -0.003251
             -1199.8          -0.004142
             -1204.9          -0.004758
               -1210          -0.005749
             -1215.1          -0.002341
             -1220.3          -0.000626
             -1225.4          -0.002349
             -1230.5          -0.001478
             -1235.6           0.000206
             -1240.7          -0.000219
             -1245.8          -0.002911
             -1250.9          -0.004348
               -1256          -0.004082
             -1261.1          -0.002970
             -1266.3           0.000774
             -1271.4           0.002893
             -1276.5          -0.000469
             -1281.6          -0.000765
             -1286.7           0.000247
             -1291.8          -0.001964
             -1296.9          -0.002517
               -1302          -0.002226
             -1307.1          -0.004418
             -1312.2          -0.001457
             -1317.3           0.000900
             -1322.4          -0.001415
             -1327.6           0.003886
             -1332.7           0.008207
             -1337.8          -0.000879
             -1342.9          -0.005179
               -1348          -0.003734
             -1353.1          -0.004205
             -1358.2          -0.001809
             -1363.3           0.001511
             -1368.4          -0.000346
             -1373.5          -0.001193
             -1378.6           0.001982
             -1383.7           0.004328
             -1388.8           0.005250
             -1393.9           0.004290
               -1399           0.001863
             -1404.1          -0.000444
             -1409.2          -0.003589
             -1414.4          -0.005502
             -1419.5          -0.003990
             -1424.6          -0.001192
             -1429.7          -0.000637
             -1434.8           0.000992
             -1439.9           0.002287
               -1445           0.001105
             -1450.1          -0.001744
             -1455.2          -0.000845
             -1460.3           0.001206
             -1465.4           0.001189
             -1470.5          -0.000104
             -1475.6           0.005247
             -1480.7           0.005999
             -1485.8           0.002432
             -1490.9          -0.000265
               -1496           0.001559
             -1501.1           0.002168
             -1506.2          -0.001105
             -1511.3          -0.001686
             -1516.4           0.001336
             -1521.5          -0.000186
             -1526.6          -0.001107
             -1531.7           0.002720
             -1536.8           0.003379
             -1541.9          -0.000569
               -1547           0.000242
             -1552.1           0.003929
             -1557.2           0.005168
             -1562.3           0.004037
             -1567.4           0.000515
             -1572.5          -0.001148
             -1577.6           0.001930
             -1582.7           0.004068
             -1587.8           0.003911
             -1592.9           0.002994
               -1598           0.003112
             -1603.1           0.001509
             -1608.2           0.001148
             -1613.3          -0.000646
             -1618.4          -0.000603
             -1623.5          -0.001344
             -1628.6          -0.005198
             -1633.7          -0.007742
             -1638.8          -0.006533
             -1643.9          -0.003289
               -1649           0.000259
             -1654.1           0.005140
             -1659.2           0.008690
             -1664.3           0.006194
             -1669.4           0.001169
             -1674.4          -0.002649
             -1679.5          -0.001461
             -1684.6           0.003115
             -1689.7           0.005304
             -1694.8           0.006042
             -1699.9           0.006202
               -1705           0.001340
             -1710.1          -0.001688
             -1715.2           0.000493
             -1720.3           0.002643
             -1725.4           0.001124
             -1730.5          -0.002287
             -1735.6          -0.003073
             -1740.7          -0.002101
             -1745.8          -0.003628
             -1750.9          -0.003569
               -1756          -0.000055
               -1761           0.006418
             -1766.1           0.009379
             -1771.2           0.005695
             -1776.3          -0.001451
             -1781.4          -0.003995
             -1786.5          -0.001684
             -1791.6          -0.000409
             -1796.7          -0.002505
             -1801.8          -0.002332
             -1806.9          -0.002489
               -1812          -0.006118
             -1817.1          -0.008476
             -1822.1          -0.003430
             -1827.2           0.002713
             -1832.3          -0.001627
             -1837.4          -0.005923
             -1842.5          -0.003989
             -1847.6          -0.001077
             -1852.7           0.005692
             -1857.8           0.005471
             -1862.9          -0.001629
             -1867.9          -0.004512
               -1873          -0.001145
             -1878.1          -0.001459
             -1883.2          -0.004941
             -1888.3          -0.003475
             -1893.4           0.001466
             -1898.5           0.005943
             -1903.6           0.003804
             -1908.7          -0.000990
             -1913.7          -0.000257
             -1918.8          -0.002976
             -1923.9          -0.005938
               -1929          -0.001423
             -1934.1           0.000410
             -1939.2          -0.001119
             -1944.3           0.000794
             -1949.3          -0.002063
             -1954.4          -0.005091
             -1959.5          -0.001416
             -1964.6           0.005051
             -1969.7           0.003523
             -1974.8          -0.007904
             -1979.9          -0.010412
             -1984.9          -0.006233
               -1990          -0.001065
             -1995.1          -0.001768
             -2000.2          -0.003531