#                      Published-Value
#      Spectral-axis          Intensity
#             [km/s]               [Jy]            
            -118.812          -0.001947
            -118.013          -0.001945
            -117.209          -0.002340
            -116.413          -0.001942
            -115.613          -0.001941
            -114.813          -0.001939
            -114.013          -0.001938
            -113.213          -0.001936
            -112.413          -0.001934
            -111.613          -0.001933
            -110.813          -0.001931
            -110.013          -0.001930
            -109.213          -0.001928
            -108.413          -0.001926
            -107.613          -0.001925
            -106.813          -0.001923
            -106.013          -0.001922
            -105.213          -0.001920
            -104.413          -0.001919
            -103.613          -0.001917
            -102.813          -0.001915
            -102.013          -0.001914
            -101.213          -0.001912
            -100.413          -0.001911
             -99.613          -0.001909
             -98.813          -0.001907
             -98.013          -0.001906
             -97.213          -0.001904
             -96.413          -0.001903
             -95.613          -0.001901
             -94.813          -0.001900
             -94.013          -0.001898
              -93.21          -0.002292
              -92.41          -0.002291
              -91.61          -0.002289
              -90.81          -0.002288
             -90.007          -0.002682
             -89.207          -0.002680
             -88.407          -0.002679
             -87.607          -0.002677
             -86.807          -0.002676
             -86.007          -0.002674
             -85.203          -0.003068
             -84.403          -0.003067
             -83.603          -0.003065
             -82.803          -0.003064
                 -82          -0.003458
             -81.197          -0.003852
             -80.397          -0.003851
             -79.594          -0.004245
             -78.791          -0.004640
             -77.984          -0.005430
             -77.181          -0.005824
             -76.378          -0.006219
             -75.572          -0.007009
             -74.765          -0.007799
             -73.956          -0.008986
             -73.146          -0.010172
             -72.336          -0.011358
             -71.527          -0.012544
             -70.714          -0.014127
             -69.904          -0.015313
             -69.085          -0.017687
             -68.257          -0.021249
             -67.434          -0.024019
             -66.612          -0.026789
             -65.786          -0.029955
             -64.957          -0.033517
             -64.125          -0.037475
             -63.306          -0.039849
             -62.497          -0.041036
             -61.697          -0.041034
             -60.919          -0.038261
             -60.151          -0.034300
              -59.38          -0.030735
             -58.621          -0.025585
             -57.876          -0.018853
             -57.124          -0.012912
             -56.375          -0.006575
             -55.607          -0.002614
             -54.861           0.004119
             -54.068           0.004912
             -53.255           0.003330
             -52.513           0.010459
             -51.713           0.010461
             -50.906           0.009670
             -50.103           0.009276
               -49.3           0.008881
             -48.494           0.008091
             -47.687           0.007301
             -46.884           0.006906
             -46.078           0.006116
             -45.274           0.005722
             -44.474           0.005723
             -43.675           0.005725
             -42.871           0.005331
             -42.071           0.005332
             -41.268           0.004938
             -40.465           0.004543
             -39.665           0.004545
             -38.865           0.004547
             -38.065           0.004548
             -37.265           0.004550
             -36.465           0.004551
             -35.665           0.004553
             -34.865           0.004555
             -34.062           0.004160
             -33.262           0.004162
             -32.462           0.004163
             -31.659           0.003769
             -30.859           0.003771
             -30.059           0.003772
             -29.259           0.003774
             -28.459           0.003775
             -27.655           0.003381
             -26.855           0.003382
             -26.052           0.002988
             -25.249           0.002594
             -24.449           0.002595
             -23.646           0.002201
             -22.846           0.002203
             -22.046           0.002204
             -21.246           0.002206
             -20.446           0.002207
             -19.646           0.002209
             -18.846           0.002210
             -18.046           0.002212
             -17.249           0.002610
             -16.449           0.002611
             -15.656           0.003405
             -14.859           0.003802
             -14.062           0.004200
             -13.259           0.003805
             -12.453           0.003015
             -11.653           0.003017
             -10.853           0.003018
             -10.062           0.004208
              -9.278           0.006189
              -8.501           0.008962
              -7.733           0.012923
              -6.949           0.014905
              -6.171           0.017678
               -5.39           0.020055
              -4.616           0.023225
              -3.838           0.025998
              -3.048           0.027187
              -2.254           0.027981
              -1.451           0.027586
              -0.648           0.027192
               0.136           0.029173
               0.898           0.033926
               1.678           0.036304
               2.475           0.036701
               3.278           0.036307
                4.11           0.032349
               4.955           0.026807
               5.829           0.017702
               6.648           0.015328
               7.483           0.010974
               8.309           0.007808
               9.112           0.007413
               9.915           0.007019
              10.715           0.007021
              11.515           0.007022
              12.318           0.006628
              13.121           0.006233
              13.921           0.006235
              14.721           0.006237
              15.521           0.006238
              16.321           0.006240
              17.118           0.006637
              17.918           0.006639
              18.721           0.006244
              19.521           0.006246
              20.321           0.006248
              21.121           0.006249
              21.921           0.006251
              22.721           0.006252
              23.521           0.006254
              24.325           0.005860
              25.125           0.005861
              25.921           0.006259
              26.721           0.006260
              27.521           0.006262
              28.321           0.006263
              29.121           0.006265
              29.921           0.006267
              30.721           0.006268
              31.521           0.006270
              32.321           0.006271
              33.121           0.006273
              33.921           0.006275
              34.721           0.006276
              35.528           0.005486
              36.328           0.005487
              37.127           0.005489
              37.928           0.005491
              38.731           0.005096
              39.531           0.005098
              40.331           0.005099
              41.131           0.005101
              41.931           0.005103
              42.731           0.005104
              43.531           0.005106
              44.331           0.005107
               45.13           0.005109
              45.934           0.004714
              46.734           0.004716
              47.537           0.004322
              48.337           0.004323
              49.137           0.004325
              49.937           0.004326
              50.737           0.004328
               51.54           0.003934
               52.34           0.003935
               53.14           0.003937
               53.94           0.003938
               54.74           0.003940
               55.54           0.003942
               56.34           0.003943
               57.14           0.003945
               57.94           0.003946
               58.74           0.003948
              59.543           0.003554
              60.343           0.003555
              61.143           0.003557
              61.943           0.003558
              62.743           0.003560
              63.543           0.003561
              64.343           0.003563
              65.143           0.003565
              65.943           0.003566
              66.743           0.003568
              67.546           0.003173
              68.346           0.003175
              69.149           0.002781
              69.949           0.002782
              70.749           0.002784
              71.549           0.002785
              72.349           0.002787
              73.153           0.002393
              73.956           0.001998
              74.759           0.001604
              75.559           0.001605
              76.359           0.001607
              77.162           0.001213
              77.962           0.001214
              78.765           0.000820
              79.568           0.000425
              80.372           0.000031
              81.172           0.000033
              81.975          -0.000362
              82.775          -0.000360
              83.578          -0.000754
              84.378          -0.000753
              85.178          -0.000751
              85.978          -0.000750
              86.775          -0.000352
              87.575          -0.000351
              88.375          -0.000349
              89.178          -0.000743
              89.978          -0.000742
              90.781          -0.001136
              91.581          -0.001135
              92.381          -0.001133
              93.181          -0.001131
              93.981          -0.001130
              94.781          -0.001128
              95.584          -0.001523
              96.384          -0.001521
              97.184          -0.001519
              97.981          -0.001122
              98.781          -0.001120
              99.581          -0.001119
             100.381          -0.001117
             101.181          -0.001116
             101.981          -0.001114
             102.781          -0.001112
             103.581          -0.001111
             104.381          -0.001109
             105.181          -0.001108
             105.981          -0.001106
             106.781          -0.001104
             107.584          -0.001499
             108.384          -0.001497
             109.184          -0.001496
             109.984          -0.001494
             110.784          -0.001493
             111.584          -0.001491
             112.384          -0.001489
             113.184          -0.001488
             113.981          -0.001090
             114.781          -0.001089
             115.581          -0.001087
             116.381          -0.001085
             117.181          -0.001084
             117.984          -0.001478
             118.784          -0.001477
             119.584          -0.001475
             120.384          -0.001473
             121.184          -0.001472
             121.984          -0.001470
             122.784          -0.001469
             123.584          -0.001467
             124.384          -0.001466
             125.184          -0.001464
             125.984          -0.001462
             126.784          -0.001461
             127.584          -0.001459
             128.384          -0.001458
             129.187          -0.001852
             129.984          -0.001454
             130.784          -0.001453
             131.584          -0.001451
             132.384          -0.001450
             133.184          -0.001448
             133.984          -0.001447
             134.784          -0.001445
             135.584          -0.001443
             136.384          -0.001442
             137.184          -0.001440
             137.984          -0.001439
              138.78          -0.001041
             139.583          -0.001435
             140.383          -0.001434
             141.183          -0.001432
             141.983          -0.001431
             142.783          -0.001429
             143.583          -0.001428
             144.387          -0.001822
             145.187          -0.001820
             145.987          -0.001819
             146.787          -0.001817
             147.587          -0.001816
             148.383          -0.001418
             149.183          -0.001416
             149.983          -0.001415
             150.783          -0.001413
             151.583          -0.001412
             152.383          -0.001410
             153.183          -0.001409
             153.986          -0.001803
             154.786          -0.001801
             155.586          -0.001800
             156.386          -0.001798
             157.186          -0.001797
             157.986          -0.001795
             158.783          -0.001397
             159.583          -0.001396
             160.383          -0.001394
             161.183          -0.001393
             161.986          -0.001787
             162.786          -0.001786
             163.586          -0.001784
             164.386          -0.001782
             165.183          -0.001385
             165.983          -0.001383
             166.783          -0.001382
             167.586          -0.001776
             168.386          -0.001774
             169.186          -0.001773
             169.986          -0.001771
             170.783          -0.001374
             171.583          -0.001372
             172.383          -0.001371
             173.186          -0.001765
             173.986          -0.001763
             174.786          -0.001762
             175.586          -0.001760
             176.386          -0.001759
             177.186          -0.001757
             177.986          -0.001755
             178.786          -0.001754
