#                      Published-Value
#      Spectral-axis           Intensity
#             [km/s]               [Jy] 
             -1852.4          -5.672080
             -1844.3          -5.647900
             -1836.1          -4.768730
               -1828          -4.186560
             -1819.8          -3.862390
             -1811.7          -3.600230
             -1803.5          -3.257070
             -1795.4          -2.843920
             -1787.2          -2.487770
             -1779.1          -2.193620
             -1770.9          -1.867480
             -1762.8          -1.614340
             -1754.7          -1.447210
             -1746.5          -1.318080
             -1738.4          -1.230950
             -1730.2          -1.097830
             -1722.1          -0.936908
             -1713.9          -0.809191
             -1705.8          -0.753278
             -1697.6          -0.736769
             -1689.5          -0.647263
             -1681.3          -0.520260
             -1673.1          -0.450161
               -1665          -0.414964
             -1656.8          -0.383372
             -1648.7          -0.318882
             -1640.5          -0.223996
             -1632.4          -0.156112
             -1624.2          -0.116132
             -1616.1          -0.067455
             -1607.9          -0.022931
             -1599.8          -0.015720
             -1591.6          -0.002191
             -1583.4           0.017664
             -1575.3           0.021236
             -1567.1           0.021986
               -1559           0.017913
             -1550.8           0.020747
             -1542.6           0.024408
             -1534.5           0.025247
             -1526.3           0.039301
             -1518.2           0.047655
               -1510           0.036496
             -1501.8           0.016396
             -1493.7          -0.010768
             -1485.5          -0.026335
             -1477.4          -0.019134
             -1469.2           0.003225
               -1461           0.010331
             -1452.9          -0.005105
             -1444.7           0.004257
             -1436.5           0.015546
             -1428.4          -0.000226
             -1420.2          -0.004571
               -1412          -0.003748
             -1403.9          -0.031267
             -1395.7          -0.055589
             -1387.5          -0.054182
             -1379.4          -0.048227
             -1371.2          -0.025684
               -1363          -0.002024
             -1354.8          -0.007625
             -1346.7          -0.018858
             -1338.5          -0.015292
             -1330.3          -0.006039
             -1322.2           0.007063
               -1314           0.024063
             -1305.8           0.016861
             -1297.6          -0.007003
             -1289.5          -0.018188
             -1281.3          -0.017815
             -1273.1          -0.007083
             -1264.9          -0.006793
             -1256.8          -0.021974
             -1248.6          -0.017517
             -1240.4           0.008359
             -1232.2           0.029483
             -1224.1           0.035476
             -1215.9           0.017787
             -1207.7          -0.004653
             -1199.5          -0.004244
             -1191.4           0.005284
             -1183.2           0.011570
               -1175           0.006835
             -1166.8           0.007979
             -1158.6           0.031652
             -1150.5           0.033053
             -1142.3           0.013224
             -1134.1           0.000753
             -1125.9          -0.009618
             -1117.7          -0.011891
             -1109.5          -0.002275
             -1101.4           0.018581
             -1093.2           0.021595
               -1085           0.006099
             -1076.8           0.013811
             -1068.6           0.028013
             -1060.4           0.035174
             -1052.2           0.038442
             -1044.1           0.021983
             -1035.9           0.006432
             -1027.7           0.007660
             -1019.5           0.007407
             -1011.3           0.004693
             -1003.1           0.007559
              -994.9          -0.000606
              -986.7          -0.011771
              -978.5          -0.000207
              -970.4           0.023796
              -962.2           0.032819
                -954           0.029251
              -945.8           0.030803
              -937.6           0.021275
              -929.4           0.007196
              -921.2          -0.002294
                -913          -0.010594
              -904.8          -0.013364
              -896.6          -0.023024
              -888.4          -0.031195
              -880.2          -0.022287
                -872          -0.011928
              -863.8          -0.025440
              -855.6          -0.034952
              -847.4          -0.018224
              -839.2          -0.015456
                -831          -0.027309
              -822.8          -0.023482
              -814.6          -0.022415
              -806.4          -0.020877
              -798.2          -0.005801
                -790           0.007716
              -781.8           0.005103
              -773.6          -0.031340
              -765.4          -0.050483
              -757.2          -0.035047
                -749          -0.036290
              -740.8          -0.040043
              -732.6          -0.038976
              -724.4          -0.037429
              -716.2          -0.010262
                -708           0.016635
              -699.8           0.010743
              -691.6          -0.006330
              -683.4          -0.010132
              -675.2          -0.005864
                -667          -0.004907
              -658.8          -0.005088
              -650.5          -0.012370
              -642.3          -0.017101
              -634.1          -0.016452
              -625.9          -0.016643
              -617.7          -0.010813
              -609.5          -0.008313
              -601.3          -0.004243
              -593.1           0.003598
              -584.9           0.007619
              -576.7           0.002280
              -568.4          -0.003438
              -560.2           0.002894
                -552           0.004977
              -543.8           0.001600
              -535.6          -0.006777
              -527.4          -0.008703
              -519.2          -0.005668
              -510.9          -0.005143
              -502.7           0.011432
              -494.5           0.025188
              -486.3           0.023015
              -478.1           0.013362
              -469.8           0.014639
              -461.6           0.021878
              -453.4           0.008137
              -445.2          -0.003744
                -437          -0.005344
              -428.7          -0.008013
              -420.5           0.001248
              -412.3           0.012380
              -404.1           0.015062
              -395.9           0.020116
              -387.6           0.021040
              -379.4           0.027844
              -371.2           0.036688
                -363           0.024006
              -354.7           0.011882
              -346.5           0.008320
              -338.3           0.005278
              -330.1           0.005707
              -321.8           0.006307
              -313.6           0.004387
              -305.4           0.005669
              -297.2           0.014471
              -288.9           0.027074
              -280.7           0.027397
              -272.5           0.021092
              -264.2           0.017807
                -256           0.012493
              -247.8           0.013790
              -239.5           0.011108
              -231.3          -0.002123
              -223.1          -0.010374
              -214.8          -0.003584
              -206.6          -0.000492
              -198.4          -0.006030
              -190.1          -0.014017
              -181.9          -0.019063
              -173.7          -0.006908
              -165.4           0.004737
              -157.2           0.013464
                -149           0.016271
              -140.7           0.001240
              -132.5          -0.030531
              -124.3          -0.070421
                -116          -0.074139
              -107.8          -0.043327
               -99.5          -0.038644
               -91.3          -0.052000
               -83.1          -0.045955
               -74.8          -0.047469
               -66.6          -0.050522
               -58.3          -0.044455
               -50.1          -0.055726
               -41.9          -0.077266
               -33.6          -0.146575
               -25.4          -0.309084
               -17.1          -0.460391
                -8.9          -0.733897
                -0.6          -0.916703
                 7.6          -0.439907
                15.8           0.130160
                24.1           0.351887
                32.3           0.651186
                40.6           1.092590
                48.8           1.521590
                57.1           1.774590
                65.3           1.761590
                73.6           1.622590
                81.8           1.468600
                90.1           1.310600
                98.3           1.183610
               106.6           1.115620
               114.8           1.076630
               123.1           1.039630
               131.3           1.002140
               139.6           0.957856
               147.8           0.896869
               156.1           0.832982
               164.3           0.798196
               172.6           0.780211
               180.8           0.747028
               189.1           0.717745
               197.4           0.732163
               205.6           0.769082
               213.9           0.803802
               222.1           0.842923
               230.4           0.862345
               238.6           0.883768
               246.9           0.918692
               255.2           0.929317
               263.4           0.937443
               271.7           0.955169
               279.9           0.984297
               288.2           1.056030
               296.5           1.157060
               304.7           1.238090
                 313           1.283120
               321.2           1.308150
               329.5           1.362180
               337.8           1.452220
                 346           1.513250
               354.3           1.560290
               362.6           1.622320
               370.8           1.655360
               379.1           1.656400
               387.4           1.664440
               395.6           1.742480
               403.9           1.928520
               412.2           2.174560
               420.4           2.414600
               428.7           2.498650
                 437           2.163690
               445.2           1.404740
               453.5           0.650083
               461.8           0.230129
                 470           0.091727
               478.3           0.055845
               486.6           0.021604
               494.8          -0.000677
               503.1          -0.000086
               511.4           0.001305
               519.7           0.016857
               527.9           0.041198
               536.2           0.045061
               544.5           0.033115
               552.8           0.016521
                 561           0.018577
               569.3           0.034441
               577.6           0.032287
               585.9           0.022866
               594.1           0.029514
               602.4           0.053283
               610.7           0.060512
                 619           0.037820
               627.3           0.025962
               635.5           0.028073
               643.8           0.032372
               652.1           0.037274
               660.4           0.022808
               668.7           0.000031
               676.9          -0.010255
               685.2          -0.019782
               693.5          -0.029287
               701.8          -0.007032
               710.1           0.025113
               718.4           0.024069
               726.6          -0.002025
               734.9          -0.037999
               743.2          -0.053082
               751.5          -0.031395
               759.8          -0.013227
               768.1          -0.023289
               776.4          -0.029891
               784.6          -0.026762
               792.9          -0.045904
               801.2          -0.058215
               809.5          -0.051365
               817.8          -0.066775
               826.1          -0.071806
               834.4          -0.043386
               842.7          -0.034656
                 851          -0.053085
               859.2          -0.058825
               867.5          -0.051554
               875.8          -0.049673
               884.1          -0.035052
               892.4          -0.005841
               900.7          -0.008400
                 909          -0.027109
               917.3          -0.014608
               925.6          -0.006527
               933.9          -0.021766
               942.2          -0.036285
               950.5          -0.052124
               958.8          -0.053633
               967.1          -0.033962
               975.4          -0.020352
               983.7           0.004759
                 992           0.035937
              1000.3           0.038257
              1008.6           0.018660
              1016.9          -0.014681
              1025.2          -0.031851
              1033.5          -0.037872
              1041.8          -0.026943
              1050.1           0.013516
              1058.4           0.030014
              1066.7           0.031322
                1075           0.024640
              1083.3           0.023157
              1091.6           0.047972
              1099.9           0.042188
              1108.2           0.024126
              1116.5           0.036410
              1124.8           0.049135
              1133.1           0.045879
              1141.4           0.039363
              1149.7           0.046256
              1158.1           0.053609
              1166.4           0.041951
              1174.7           0.023004
                1183           0.019925
              1191.3           0.026685
              1199.6           0.039692
              1207.9           0.067442
              1216.2           0.060850
              1224.5           0.019047
              1232.8           0.010803
              1241.2           0.031948
              1249.5           0.036892
              1257.8           0.015256
              1266.1          -0.001972
              1274.4          -0.006181
              1282.7          -0.016440
                1291          -0.020611
              1299.4          -0.015232
              1307.7          -0.017165
                1316          -0.022969
              1324.3          -0.028634
              1332.6          -0.020330
              1340.9           0.005472
              1349.3           0.008874
              1357.6          -0.005286
              1365.9          -0.015167
              1374.2          -0.019790
              1382.5          -0.005973
              1390.9           0.017512
              1399.2           0.018755
              1407.5          -0.005253
              1415.8          -0.017142
              1424.2          -0.011123
              1432.5          -0.008156
              1440.8          -0.011180
              1449.1          -0.007525
              1457.5          -0.007242
              1465.8          -0.020561
              1474.1          -0.020872
              1482.4          -0.012544
              1490.8          -0.005798
              1499.1           0.000156
              1507.4          -0.000851
              1515.7           0.003269
              1524.1          -0.004722
              1532.4          -0.032065
              1540.7          -0.044200
              1549.1          -0.040597
              1557.4          -0.034316
              1565.7          -0.013827
                1574           0.005260
              1582.4           0.002284
              1590.7          -0.004613
                1599           0.005107
              1607.4           0.021965
              1615.7           0.018161
                1624          -0.001065
              1632.4          -0.008994
              1640.7          -0.002405
                1649          -0.000498
              1657.4           0.006916
              1665.7           0.017568
              1674.1           0.016927
              1682.4           0.023184
              1690.7           0.018578
              1699.1           0.008439
              1707.4           0.021858
              1715.7           0.036145
              1724.1           0.019278
              1732.4          -0.016351
              1740.8          -0.023753
              1749.1          -0.011978
              1757.4          -0.001336
              1765.8           0.009364
              1774.1           0.002160
              1782.5          -0.010957
              1790.8          -0.001806
              1799.2           0.019501
              1807.5           0.026096
              1815.9           0.015207
              1824.2          -0.001495
              1832.5           0.001889
              1840.9           0.020821
              1849.2           0.025399
              1857.6           0.014914
              1865.9           0.008825
              1874.3           0.012253
              1882.6           0.001328
                1891          -0.005401
              1899.3           0.014627
              1907.7           0.018041
                1916          -0.008079
              1924.4          -0.018862
              1932.7           0.000391
              1941.1           0.013160
              1949.4           0.006355
              1957.8           0.001317
              1966.1          -0.003705
              1974.5          -0.010241
              1982.8          -0.013652
              1991.2          -0.016586
              1999.5          -0.017614
              2007.9          -0.020606
              2016.3          -0.015843
              2024.6          -0.009703
                2033          -0.012258
              2041.3          -0.006867
              2049.7          -0.005121
                2058          -0.009399
              2066.4          -0.006941
              2074.8          -0.005377
              2083.1           0.003932
              2091.5           0.018476
              2099.8           0.017696
              2108.2           0.000161
              2116.6          -0.023449
              2124.9          -0.018543
              2133.3           0.010868
              2141.6           0.009174
                2150          -0.003345
              2158.4           0.003481
              2166.7          -0.001247
              2175.1          -0.024701
              2183.5          -0.051779
              2191.8          -0.078113
              2200.2          -0.110782
              2208.6          -0.140956
              2216.9          -0.162836
              2225.3          -0.186120
              2233.7          -0.213311
                2242          -0.264306
              2250.4          -0.332507
              2258.8          -0.380413
              2267.1          -0.416625
              2275.5          -0.478043
              2283.9          -0.571666
              2292.3          -0.656694
              2300.6          -0.737929
                2309          -0.850869
              2317.4          -0.979216
              2325.7          -1.126570
              2334.1          -1.296930
              2342.5          -1.465290
              2350.9          -1.668660
              2359.2          -1.956040
              2367.6          -2.751420