#                      Published-Value
#      Spectral-axis           Intensity
#             [km/s]               [Jy] 
            -1306.55          -0.008881
            -1300.16          -0.012335
            -1293.78          -0.008809
            -1287.39          -0.008549
            -1281.01          -0.002624
            -1274.62          -0.006378
            -1268.23          -0.008720
            -1261.85          -0.007514
            -1255.46          -0.003780
            -1249.07          -0.006515
            -1242.69          -0.007188
             -1236.3          -0.007591
            -1229.91          -0.003796
            -1223.52          -0.006068
            -1217.13          -0.007281
            -1210.74          -0.004563
            -1204.36          -0.004320
            -1197.97          -0.006434
            -1191.58          -0.006920
            -1185.19          -0.003712
             -1178.8          -0.001280
            -1172.41          -0.001173
            -1166.02          -0.005183
            -1159.62          -0.003499
            -1153.23          -0.002422
            -1146.84          -0.006444
            -1140.45          -0.005017
            -1134.06          -0.004629
            -1127.67          -0.001456
            -1121.27          -0.006941
            -1114.88          -0.003323
            -1108.49          -0.003355
            -1102.09          -0.006935
             -1095.7          -0.002436
            -1089.31          -0.000822
            -1082.91          -0.002944
            -1076.52          -0.003871
            -1070.12          -0.002259
            -1063.73          -0.002760
            -1057.33          -0.001678
            -1050.94          -0.000445
            -1044.54          -0.002307
            -1038.14          -0.002006
            -1031.75          -0.000315
            -1025.35          -0.001695
            -1018.95           0.000237
            -1012.56           0.001013
            -1006.16           0.000848
            -999.761          -0.000493
            -993.363          -0.000479
            -986.964           0.001310
            -980.566          -0.000862
            -974.167          -0.001538
            -967.768          -0.000684
            -961.368          -0.000116
            -954.969          -0.000112
            -948.569          -0.000860
            -942.168          -0.000225
            -935.768           0.001916
            -929.367           0.000522
            -922.966           0.000201
            -916.564           0.002531
            -910.163           0.004022
            -903.761           0.000104
            -897.358           0.003128
            -890.956           0.000132
            -884.553           0.002570
             -878.15          -0.002258
            -871.747           0.000439
            -865.343          -0.001483
            -858.939           0.000491
            -852.535           0.000393
            -846.131          -0.000329
            -839.726          -0.003140
            -833.321           0.001224
            -826.916          -0.001892
             -820.51           0.001241
            -814.105          -0.000363
            -807.699           0.002975
            -801.292           0.000259
            -794.886          -0.003688
            -788.479          -0.001504
            -782.072          -0.002089
            -775.664           0.000406
            -769.257          -0.001644
            -762.849          -0.000046
             -756.44          -0.000515
            -750.032           0.000457
            -743.623           0.002539
            -737.214          -0.002844
            -730.805           0.001799
            -724.395           0.002102
            -717.985          -0.000471
            -711.575           0.001330
            -705.164           0.002879
            -698.754          -0.000624
            -692.343           0.001578
            -685.932          -0.000084
             -679.52           0.000024
            -673.108          -0.000373
            -666.696           0.000296
            -660.284          -0.003602
            -653.871          -0.001189
            -647.458           0.001158
            -641.045           0.002258
            -634.631          -0.000617
            -628.218           0.001163
            -621.804           0.000223
            -615.389          -0.000495
            -608.975          -0.002910
             -602.56          -0.002303
            -596.145          -0.000341
            -589.729           0.000581
            -583.314          -0.002036
            -576.898           0.000009
            -570.482          -0.002068
            -564.065          -0.002522
            -557.648          -0.002609
            -551.231          -0.004448
            -544.814          -0.000219
            -538.396           0.000361
            -531.978          -0.003342
             -525.56           0.002431
            -519.142          -0.000312
            -512.723          -0.004390
            -506.304          -0.000610
            -499.885          -0.000299
            -493.465          -0.000655
            -487.046           0.000299
            -480.626           0.000512
            -474.205           0.001072
            -467.785           0.000045
            -461.364          -0.000699
            -454.942           0.000066
            -448.521           0.000954
            -442.099          -0.000454
            -435.677          -0.000282
            -429.255           0.001541
            -422.832          -0.001322
             -416.41          -0.000419
            -409.986          -0.003388
            -403.563           0.001023
            -397.139          -0.003659
            -390.716           0.000404
            -384.291           0.005967
            -377.867          -0.003742
            -371.442          -0.000180
            -365.017          -0.000696
            -358.592          -0.000466
            -352.166          -0.000378
             -345.74          -0.000161
            -339.314          -0.000729
            -332.888          -0.001308
            -326.461          -0.000563
            -320.034          -0.002576
            -313.607           0.001458
            -307.179           0.001756
            -300.751           0.000206
            -294.323           0.001136
            -287.895           0.002853
            -281.466           0.002697
            -275.038           0.001366
            -268.608           0.002299
            -262.179           0.000629
            -255.749           0.002579
            -249.319           0.003740
            -242.889           0.001578
            -236.458          -0.001028
            -230.027           0.003650
            -223.596           0.003510
            -217.165           0.000509
            -210.733           0.000013
            -204.301          -0.004818
            -197.869          -0.012481
            -191.437          -0.022987
            -185.004          -0.024929
            -178.571          -0.022871
            -172.138           0.002245
            -165.704           0.024833
             -159.27           0.021376
            -152.836          -0.027527
            -146.402          -0.093728
            -139.967          -0.108016
            -133.532          -0.066038
            -127.097          -0.016448
            -120.661           0.003587
            -114.225           0.010238
            -107.789           0.008041
            -101.353           0.034907
            -94.9162           0.127510
            -88.4793           0.333964
            -82.0421           0.615875
            -75.6047           0.871318
            -69.1669           0.990052
            -62.7289           1.038380
            -56.2906           1.047480
             -49.852           1.159590
            -43.4132           1.294010
            -36.9741           1.338980
            -30.5347           1.327960
             -24.095           1.373930
             -17.655           1.465390
            -11.2148           1.638380
            -4.77429           1.819860
             1.66649           1.822550
             8.10755           1.826270
             14.5489           1.857310
             20.9905           1.790410
             27.4324           1.646390
             33.8746           1.488790
              40.317           1.335960
             46.7597           1.216060
             53.2027           1.091840
              59.646           0.948436
             66.0896           0.827356
             72.5334           0.683886
             78.9775           0.438625
             85.4219           0.209848
             91.8665           0.083883
             98.3115           0.028099
             104.757           0.007747
             111.202           0.002980
             117.648           0.002587
             124.094           0.001117
              130.54          -0.000880
             136.987           0.003479
             143.434          -0.003043
             149.881           0.000121
             156.328           0.002002
             162.776           0.004312
             169.224           0.000653
             175.672           0.000412
             182.121           0.000875
              188.57           0.000260
             195.019          -0.000114
             201.468           0.000013
             207.918          -0.000047
             214.368           0.000835
             220.818          -0.000189
             227.268          -0.001222
             233.719           0.000726
              240.17          -0.001034
             246.622          -0.001485
             253.073          -0.001519
             259.525          -0.002522
             265.977          -0.001553
              272.43           0.000397
             278.882           0.000253
             285.335           0.000144
             291.788           0.002011
             298.242          -0.000078
             304.696           0.001630
              311.15           0.001521
             317.604          -0.000330
             324.059           0.001397
             330.514           0.000537
             336.969           0.003449
             343.424           0.001530
              349.88           0.000615
             356.336          -0.000736
             362.793          -0.000356
             369.249           0.000688
             375.706          -0.003388
             382.163          -0.000859
             388.621          -0.002073
             395.078          -0.003698
             401.536          -0.001608
             407.995           0.001688
             414.453           0.000487
             420.912          -0.003734
             427.371           0.000551
              433.83           0.001040
              440.29           0.000610
              446.75          -0.000752
              453.21          -0.000380
             459.671          -0.002050
             466.131           0.001395
             472.592          -0.005333
             479.054           0.001280
             485.515          -0.000701
             491.977          -0.000896
             498.439           0.003474
             504.902           0.001194
             511.364          -0.001738
             517.827           0.001273
             524.291           0.000523
             530.754           0.000571
             537.218           0.000306
             543.682          -0.000898
             550.146          -0.001304
             556.611           0.004334
             563.076           0.000442
             569.541          -0.000852
             576.007          -0.001039
             582.473           0.000023
             588.939           0.001232
             595.405          -0.000485
             601.871           0.001079
             608.338           0.001512
             614.806          -0.000472
             621.273           0.001712
             627.741          -0.001929
             634.209           0.001658
             640.677           0.000510
             647.146          -0.000723
             653.614          -0.000262
             660.083          -0.000726
             666.553           0.000277
             673.022          -0.002618
             679.492           0.001919
             685.963          -0.000731
             692.433          -0.001132
             698.904           0.000434
             705.375           0.000962
             711.846          -0.001198
             718.318          -0.001513
              724.79          -0.001171
             731.262          -0.003445
             737.734          -0.001118
             744.207          -0.000517
              750.68          -0.000477
             757.153          -0.001251
             763.627          -0.001757
             770.101          -0.000693
             776.575          -0.000347
             783.049          -0.003508
             789.524          -0.001464
             795.999           0.000107
             802.474          -0.000841
              808.95           0.002357
             815.426           0.002076
             821.902          -0.000021
             828.378          -0.001211
             834.855          -0.002192
             841.332          -0.000371
             847.809           0.001143
             854.286           0.004190
             860.764           0.000153
             867.242          -0.001120
              873.72          -0.001160
             880.199          -0.000250
             886.678           0.001957
             893.157          -0.001326
             899.636           0.001553
             906.116           0.000950
             912.596           0.000810
             919.076           0.002026
             925.557           0.001809
             932.038           0.000682
             938.519          -0.001371
                 945          -0.000647
             951.482           0.000661
             957.964           0.000857
             964.446           0.001312
             970.928           0.001124
             977.411           0.000002
             983.894           0.001283
             990.378           0.001386
             996.861           0.001232
             1003.35           0.000059
             1009.83           0.001993
             1016.31           0.000806
              1022.8           0.003189
             1029.28          -0.000743
             1035.77           0.003664
             1042.25           0.000923
             1048.74           0.000900
             1055.23           0.001715
             1061.71           0.001868
              1068.2           0.001106
             1074.69           0.001249
             1081.17           0.000437
             1087.66           0.004847
             1094.15           0.002326
             1100.64           0.008050
             1107.13           0.001117
             1113.61           0.002606
              1120.1           0.006019
             1126.59           0.004567
             1133.08           0.003451
             1139.57           0.005429
             1146.06           0.005456
             1152.55           0.003997
             1159.04           0.006498
             1165.53           0.006717
             1172.02           0.005403
             1178.52           0.004478
             1185.01           0.003271
              1191.5           0.005101
             1197.99           0.002303
             1204.48           0.005746
             1210.98           0.005369
             1217.47           0.005082
             1223.96           0.005242
             1230.46           0.001821
             1236.95           0.000968
             1243.45           0.006174
             1249.94          -0.000757
             1256.44           0.004554
             1262.93          -0.001581
             1269.43           0.026673
             1275.92           0.025400
             1282.42          -0.023743
             1288.91           0.011349
             1295.41           0.008989
             1301.91           0.010221
              1308.4          -0.003891
              1314.9           0.029426
              1321.4           0.009695